{
  "problem": "F6: Lattice Theta Spectrum Universality Gap",
  "total_lattices": 39293,
  "lattices_with_usable_theta": 39284,
  "skipped": 0,
  "n_frequencies": 32,
  "dimensions_analyzed": [
    2,
    3,
    4,
    5,
    6,
    7,
    8,
    9
  ],
  "lattices_per_dimension": {
    "1": 1,
    "2": 1609,
    "3": 36585,
    "4": 481,
    "5": 295,
    "6": 186,
    "7": 86,
    "8": 37,
    "9": 5,
    "10": 3,
    "11": 1,
    "12": 1,
    "13": 1,
    "14": 1,
    "24": 1
  },
  "gamma_universality_gap": 632.257752,
  "between_dimension_variance_MSB": 20.664948415126826,
  "within_dimension_variance_MSW": 0.032684373317396764,
  "verdict": "STRONG SEPARATION: each dimension has its own spectral character",
  "pairwise_L2_within_mean": 0.246988,
  "pairwise_L2_between_mean": 0.374264,
  "pairwise_L2_ratio": 1.515313,
  "mean_spectra_per_dimension": {
    "1": [
      0.02410205737744824,
      0.011749845252795585,
      0.006052744535562392,
      0.004462821851884948,
      0.03841025919328442,
      0.06390179422026251,
      0.013595580072712162,
      0.023190183576587947,
      0.027308519856057235,
      0.026078596791410755,
      0.07002869827687598,
      0.004121923787289374,
      0.004893463912676161,
      0.05094722538237713,
      0.046263620363797824,
      0.009137994000428364,
      0.016248411499994623,
      0.01960068128016446,
      0.15173066105085012,
      0.015399981835344901,
      0.0021357376037414283,
      0.03483236553769228,
      0.010259387291716713,
      0.01726305149432685,
      0.113873887144028,
      0.01309836133377912,
      0.002521904854943871,
      0.04186056188389576,
      0.030706194964218714,
      0.07528722021503885,
      0.010076447105124713,
      0.020859816453688507
    ],
    "2": [
      0.018258806065582334,
      0.025460858920458542,
      0.029026890701579044,
      0.027729989521992526,
      0.02859191118014055,
      0.030884090189517623,
      0.030724285765339435,
      0.030464250873803445,
      0.0309575024517055,
      0.03171923101610783,
      0.029565010254448354,
      0.032273359636826975,
      0.03742145456651254,
      0.03340973018818465,
      0.02674043684943894,
      0.029749624356027474,
      0.03017170626342508,
      0.027294174883525233,
      0.056183405289110006,
      0.030001915640719648,
      0.031048274137638623,
      0.03332938460802403,
      0.032340780288197604,
      0.029517807887246873,
      0.028952580182707258,
      0.030266843869098826,
      0.03259478632175898,
      0.030466462675984393,
      0.028439809345108456,
      0.04548900473244465,
      0.031705176301610155,
      0.029220455035735175
    ],
    "3": [
      0.07633296306746705,
      0.03308814638196993,
      0.02516224155272936,
      0.022147159196477157,
      0.019605045531170127,
      0.02408062363470002,
      0.02231315339043391,
      0.025311403995046455,
      0.025429514397623986,
      0.02503969268647919,
      0.026416100330817788,
      0.021745863896160088,
      0.02464023089504031,
      0.020959046190797612,
      0.04153023675577895,
      0.020007221849917257,
      0.02144024424061169,
      0.020254111082012385,
      0.08172515549335424,
      0.019861103703606525,
      0.02291452237441304,
      0.024537714601877834,
      0.019489340255613427,
      0.01847078803700748,
      0.13001547170592118,
      0.02793717788271931,
      0.021154169351648763,
      0.028750263901958707,
      0.021960638195631606,
      0.04158342187229395,
      0.02123435826711606,
      0.02486287528160586
    ],
    "4": [
      0.2712189808031697,
      0.06958064452121875,
      0.03408923210683793,
      0.020734995379213358,
      0.01768755350958301,
      0.014734029237880553,
      0.01228612876888301,
      0.014210351262541355,
      0.018200162963896583,
      0.01643862494643925,
      0.011787188554073832,
      0.02643858871909389,
      0.040351816696997736,
      0.012383506957046273,
      0.019571582129628583,
      0.009882781795607882,
      0.014832638697527085,
      0.02131865254199912,
      0.10484318665445112,
      0.012984314125712207,
      0.012170256590651596,
      0.013670848330323742,
      0.010782216950739512,
      0.010981434297788903,
      0.07668886134959943,
      0.019246736909570294,
      0.008076904747129627,
      0.01824571849396708,
      0.01371951842030932,
      0.028785637276676934,
      0.012671573121529226,
      0.01138533313991318
    ],
    "5": [
      0.40515934887204724,
      0.09539974350066942,
      0.04313731632577311,
      0.0247029721529572,
      0.018686848297447854,
      0.014146448059833026,
      0.010131787204681528,
      0.010219472749372944,
      0.015454187472844398,
      0.011596780628590583,
      0.0070497927654469454,
      0.01652352026410726,
      0.024290815493760408,
      0.008733238821044379,
      0.008522161351534085,
      0.006136118228157629,
      0.008889542463904178,
      0.02231122450304619,
      0.08005587713816432,
      0.014581773800989519,
      0.008902461318035324,
      0.008945870195958201,
      0.007290668818252055,
      0.010092871509456819,
      0.04426529768118165,
      0.015140749855848038,
      0.006069211241517242,
      0.013799242298092198,
      0.010674310085997792,
      0.011967467037270038,
      0.008515463579190101,
      0.00860741628482839
    ],
    "6": [
      0.4774950669706517,
      0.11172631921405136,
      0.04969818577340113,
      0.027915532219734033,
      0.01987081122517751,
      0.014055544501558067,
      0.011109185153857101,
      0.009738222337750218,
      0.011602547488638764,
      0.00797238905557987,
      0.006403071291369571,
      0.0068312914692963975,
      0.008586280748154628,
      0.005440389438520509,
      0.007038141784773261,
      0.004883441043877632,
      0.00542048564213948,
      0.014301358686467546,
      0.04242684629023927,
      0.012520835892784703,
      0.007514176365405909,
      0.007525256521768243,
      0.006850482986125948,
      0.011910821661833432,
      0.04592286310424483,
      0.018399811786405863,
      0.005751642208737609,
      0.007913979734405758,
      0.007961855457249553,
      0.010858779093639448,
      0.006961167797664738,
      0.007393217054496024
    ],
    "7": [
      0.4949826989582396,
      0.121346634397037,
      0.05521199953457175,
      0.03176186390235365,
      0.02104705598812191,
      0.017159015506535622,
      0.013506108574899823,
      0.012413372997456283,
      0.016498490866603845,
      0.009568197029122701,
      0.005170025995666121,
      0.007507740390985732,
      0.006623257178821909,
      0.00420999940524622,
      0.005387123013357252,
      0.004953800309140541,
      0.006987835463185636,
      0.01850315865926672,
      0.04268596919609822,
      0.014119632612609274,
      0.006446101312095757,
      0.004839351409081908,
      0.004844802834626013,
      0.006338699505375769,
      0.014676710556474914,
      0.007554875716673781,
      0.003633942733173963,
      0.007689914886418535,
      0.009819946307886,
      0.008956088839303343,
      0.008254532737167593,
      0.007301053182402682
    ],
    "8": [
      0.5443093779962977,
      0.141539853946077,
      0.06379963818980308,
      0.03635334051259529,
      0.023577308284668134,
      0.01679243541335182,
      0.012859753693051139,
      0.011428777660645525,
      0.008799948906782023,
      0.006005320560958872,
      0.004885449805635298,
      0.004303211816079329,
      0.0036284237034252716,
      0.003821214734834595,
      0.006556502213499627,
      0.005201288156109279,
      0.003817016926396457,
      0.0034934226768698054,
      0.0072075099218782265,
      0.005649496909815101,
      0.003938865570274013,
      0.0036424000799562778,
      0.004327086272521281,
      0.008431257688019627,
      0.02363300890024257,
      0.013846853610774918,
      0.005304068789753303,
      0.004146789813532197,
      0.004239300799117478,
      0.006045106998301705,
      0.004563727275323661,
      0.003852242173409226
    ],
    "9": [
      0.4969248852647678,
      0.14061836183418186,
      0.06472249486966687,
      0.037322390487419185,
      0.02436731274494856,
      0.018017241578854412,
      0.014849060950409674,
      0.014797716470261416,
      0.02103787712499216,
      0.014133351870439436,
      0.0061905872706792455,
      0.004690869388073479,
      0.003839023485686272,
      0.0033585657745531933,
      0.0035086662418605877,
      0.0038568762293415835,
      0.005259109713179554,
      0.01387886119969354,
      0.026088242992711713,
      0.011521199708354355,
      0.005153994252340303,
      0.003587053909276719,
      0.002846409864245042,
      0.0027951903289012313,
      0.003132152948353905,
      0.0038857359009489964,
      0.0065666190719176525,
      0.01655120729047515,
      0.012436438828508124,
      0.005319733452826219,
      0.004329956131447527,
      0.004412812820684282
    ],
    "10": [
      0.4681310622986314,
      0.1430500162328687,
      0.06561617536465626,
      0.037327395133099184,
      0.02402877141908601,
      0.01677346206674438,
      0.012389444123037663,
      0.009566766510602584,
      0.007639482052393884,
      0.0062145858857009075,
      0.005209992134445603,
      0.00464956694900166,
      0.004008345277651417,
      0.003242170688404184,
      0.0027803769298482294,
      0.002429631869008778,
      0.0021756201613036845,
      0.0019869004271212713,
      0.0018931027527545902,
      0.0019591230557936827,
      0.002223450784903166,
      0.003096525377886941,
      0.006030220563985211,
      0.020117526293571105,
      0.058140755257963035,
      0.043851343909339174,
      0.01672637264047547,
      0.00926619021625093,
      0.006436454784820657,
      0.005031248464337934,
      0.004234197090202277,
      0.0037737232841099488
    ],
    "11": [
      0.5334497070890155,
      0.17709374377316234,
      0.08234050313584773,
      0.04717008110670995,
      0.03054309344346227,
      0.02141889455982009,
      0.01588520600761258,
      0.012283469037883875,
      0.009808388615653772,
      0.008037192761407482,
      0.006723912850544985,
      0.0057327575619551124,
      0.004970734536331434,
      0.004353613723682087,
      0.003867745264879081,
      0.003465246602679587,
      0.003125656097637885,
      0.002844376271943134,
      0.002608507048961245,
      0.002409356763838015,
      0.0022403045231664974,
      0.0020952592119518445,
      0.001977560929986853,
      0.0019334031529412827,
      0.0020930389009857723,
      0.001987496724900472,
      0.0017656866363256341,
      0.0016579981698434875,
      0.0015892373811304734,
      0.0015343803930532645,
      0.0015037016665570089,
      0.0014897460561292138
    ],
    "12": [
      0.5173980657266034,
      0.1860392950838676,
      0.08750014883516795,
      0.0502153105728474,
      0.03246197851307676,
      0.022686109878930334,
      0.016746568131062317,
      0.01287349086291712,
      0.010209927633405417,
      0.00830056556639222,
      0.006885706747229694,
      0.005808516983137357,
      0.00496948171964955,
      0.004303327503397891,
      0.0037657260939557044,
      0.0033255696650642723,
      0.002960641598272164,
      0.002655099337535756,
      0.0023965393863864264,
      0.0021754124865424216,
      0.0019852090509329444,
      0.0018211132825976546,
      0.0016781498864834828,
      0.001552764013818544,
      0.0014413777325337003,
      0.0013420805770455772,
      0.0012547343876528818,
      0.0011771594004724494,
      0.0011082356717794389,
      0.0010443278277635225,
      0.0009846024889655536,
      0.0009327633545125637
    ],
    "13": [
      0.4957609887610971,
      0.1917927125628929,
      0.09159448211326343,
      0.052846763091992585,
      0.034247642722258644,
      0.023966256609042277,
      0.017706008351041393,
      0.013618326115457139,
      0.0108046910622206,
      0.00878657018980001,
      0.007290441688832535,
      0.00615091985949196,
      0.005263148883002399,
      0.004558175248524946,
      0.003989111231618069,
      0.0035231468409005692,
      0.003136824199258286,
      0.0028130311730785573,
      0.0025390591516854092,
      0.0023051560328715727,
      0.002103840503052168,
      0.0019299297638526354,
      0.0017782570831602344,
      0.001645018581789224,
      0.00152751917231221,
      0.001423446119601307,
      0.0013309092899793469,
      0.0012483843312528018,
      0.0011746065041085957,
      0.0011074221910318384,
      0.0010459744775941574,
      0.0009912360939350422
    ],
    "14": [
      0.47516326946028264,
      0.19664403634719,
      0.09553136953840781,
      0.05544787837466691,
      0.036032101400354,
      0.025252478336223922,
      0.018672888590076212,
      0.014370243950267291,
      0.011405707835881478,
      0.00927790204092997,
      0.007699679286785202,
      0.0064971512988149195,
      0.005560037312815777,
      0.004815714243635499,
      0.004214785428595355,
      0.0037227035966543435,
      0.003314736258871037,
      0.0029727727839235964,
      0.0026833269584871935,
      0.002436230646352436,
      0.002223631025609191,
      0.002039485536909846,
      0.0018789294786097956,
      0.0017381956380859525,
      0.0016142446053949793,
      0.0015041782503015062,
      0.0014061785180930373,
      0.0013188137190434442,
      0.0012406573634243967,
      0.0011695444593880842,
      0.001104596492285287,
      0.0010465312236388668
    ],
    "24": [
      0.3193276439555629,
      0.2017005514280445,
      0.12037999419792694,
      0.0761745506872581,
      0.051742399927225194,
      0.03726025297710438,
      0.02808783621124388,
      0.021951365427006875,
      0.017659875443314123,
      0.014548439971310344,
      0.012224648419492138,
      0.010445725793360852,
      0.009055325881732981,
      0.007949250804375054,
      0.007055976820754438,
      0.006325134777793728,
      0.0057204507593751315,
      0.005215283207123516,
      0.004789721858753454,
      0.004428653508834182,
      0.004120448197064499,
      0.0038560498892364903,
      0.003628332492869572,
      0.0034316346096689037,
      0.0032613941281840393,
      0.003113891459926001,
      0.00298614350378865,
      0.0028757493635485393,
      0.0027807202890999328,
      0.002699407180416374,
      0.0026304463330569772,
      0.002572700495547152
    ]
  },
  "l2_distance_matrix": {
    "dimensions": [
      1,
      2,
      3,
      4,
      5,
      6,
      7,
      8,
      9,
      10,
      11,
      12,
      13,
      14,
      24
    ],
    "matrix": [
      [
        0.0,
        0.16885976102397848,
        0.13211123674223368,
        0.2885631309656501,
        0.4257724481301485,
        0.5028774548455666,
        0.5263998458623899,
        0.5840108728482073,
        0.5396172932693488,
        0.515926736718924,
        0.5918245672558653,
        0.5818611094163374,
        0.5659334061429074,
        0.5510285683669655,
        0.43942290758088665
      ],
      [
        0.16885976102397848,
        0.0,
        0.12798312721135238,
        0.2782862968931674,
        0.40779519605098313,
        0.4821868539241558,
        0.5013558963390151,
        0.5570626284173018,
        0.5099417619480542,
        0.4873170261447491,
        0.5600972820888103,
        0.5488456615453196,
        0.5313292558992398,
        0.5148489598177617,
        0.38890661752883654
      ],
      [
        0.13211123674223368,
        0.12798312721135238,
        0.0,
        0.21367110963095723,
        0.35380531473905286,
        0.42818665953292473,
        0.4543186860980412,
        0.508464371193562,
        0.4665428057568046,
        0.4341037292525221,
        0.5169858441390017,
        0.5067007808401729,
        0.49032206943829026,
        0.47503386255680147,
        0.3623462119974725
      ],
      [
        0.2885631309656501,
        0.2782862968931674,
        0.21367110963095723,
        0.0,
        0.14626561786152448,
        0.22800870545907867,
        0.2527480386960203,
        0.3119300065382383,
        0.2691589879337585,
        0.2478015383772694,
        0.32326618585060674,
        0.3152680661206579,
        0.3018902124990364,
        0.29002919785555464,
        0.2264574869986369
      ],
      [
        0.4257724481301485,
        0.40779519605098313,
        0.35380531473905286,
        0.14626561786152448,
        0.0,
        0.08661964072098649,
        0.10884608847734945,
        0.17101502702120241,
        0.12987648108228583,
        0.12582049548162802,
        0.1874576215940691,
        0.18347975440524672,
        0.17572315771299202,
        0.170586430817515,
        0.1950202352366377
      ],
      [
        0.5028774548455666,
        0.4821868539241558,
        0.42818665953292473,
        0.22800870545907867,
        0.08661964072098649,
        0.0,
        0.040956789689425385,
        0.08797021715673915,
        0.06592280070586574,
        0.06723525035621034,
        0.116236098176098,
        0.11811275482627853,
        0.11863674588143529,
        0.12283250571356549,
        0.2155420368666815
      ],
      [
        0.5263998458623899,
        0.5013558963390151,
        0.4543186860980412,
        0.2527480386960203,
        0.10884608847734945,
        0.040956789689425385,
        0.0,
        0.06938989993276652,
        0.03440195018055007,
        0.0849965847612224,
        0.09067769590052131,
        0.09426655158130211,
        0.09784208178984796,
        0.10550778085096374,
        0.2175560047900604
      ],
      [
        0.5840108728482073,
        0.5570626284173018,
        0.508464371193562,
        0.3119300065382383,
        0.17101502702120241,
        0.08797021715673915,
        0.06938989993276652,
        0.0,
        0.06143122861852423,
        0.09099907247545778,
        0.051929740697364245,
        0.0666658026903101,
        0.08347649562036577,
        0.1014963012434436,
        0.2479202119042322
      ],
      [
        0.5396172932693488,
        0.5099417619480542,
        0.4665428057568046,
        0.2691589879337585,
        0.12987648108228583,
        0.06592280070586574,
        0.03440195018055007,
        0.06143122861852423,
        0.0,
        0.08413946210809968,
        0.06683630597299645,
        0.06824356195472839,
        0.07130610743027048,
        0.08011180920676853,
        0.20557588415144665
      ],
      [
        0.515926736718924,
        0.4873170261447491,
        0.4341037292525221,
        0.2478015383772694,
        0.12582049548162802,
        0.06723525035621034,
        0.0849965847612224,
        0.09099907247545778,
        0.08413946210809968,
        0.0,
        0.10712646504940528,
        0.1040743362195855,
        0.10007657397284508,
        0.10084728662097674,
        0.19303215071160096
      ],
      [
        0.5918245672558653,
        0.5600972820888103,
        0.5169858441390017,
        0.32326618585060674,
        0.1874576215940691,
        0.116236098176098,
        0.09067769590052131,
        0.051929740697364245,
        0.06683630597299645,
        0.10712646504940528,
        0.0,
        0.01957469341247484,
        0.042235743223626866,
        0.0639280611640783,
        0.22345656243562717
      ],
      [
        0.5818611094163374,
        0.5488456615453196,
        0.5067007808401729,
        0.3152680661206579,
        0.18347975440524672,
        0.11811275482627853,
        0.09426655158130211,
        0.0666658026903101,
        0.06824356195472839,
        0.1040743362195855,
        0.01957469341247484,
        0.0,
        0.02307693392441145,
        0.044928942324409395,
        0.20563545411192496
      ],
      [
        0.5659334061429074,
        0.5313292558992398,
        0.49032206943829026,
        0.3018902124990364,
        0.17572315771299202,
        0.11863674588143529,
        0.09784208178984796,
        0.08347649562036577,
        0.07130610743027048,
        0.10007657397284508,
        0.042235743223626866,
        0.02307693392441145,
        0.0,
        0.021856808490103713,
        0.182985276878336
      ],
      [
        0.5510285683669655,
        0.5148489598177617,
        0.47503386255680147,
        0.29002919785555464,
        0.170586430817515,
        0.12283250571356549,
        0.10550778085096374,
        0.1014963012434436,
        0.08011180920676853,
        0.10084728662097674,
        0.0639280611640783,
        0.044928942324409395,
        0.021856808490103713,
        0.0,
        0.1615114810087214
      ],
      [
        0.43942290758088665,
        0.38890661752883654,
        0.3623462119974725,
        0.2264574869986369,
        0.1950202352366377,
        0.2155420368666815,
        0.2175560047900604,
        0.2479202119042322,
        0.20557588415144665,
        0.19303215071160096,
        0.22345656243562717,
        0.20563545411192496,
        0.182985276878336,
        0.1615114810087214,
        0.0
      ]
    ]
  }
}