lam  cap arm         n   reward   U       comp$  L1    L2    L3s   L3h   r2ho   P
0.0   96 CP          80    1150    1145    4.6  0.23  0.24  0.24  0.25  -0.00   32
0.0   96 KNN         80     783     782    1.5  0.16  0.16  0.16  0.17  -0.40   96
0.0   96 LRU         80    1162    1162    0.0  0.23  0.25  0.25  0.26  -0.00   96
0.0   96 MLP         80    1075    1070    5.0  0.21  0.22  0.22  0.24  -0.01   35
0.0   96 NOMEM       80    1156    1156    0.0  0.23  0.25  0.24  0.26  -0.00    0
0.0   96 ORACLE      80    4808    4808    0.0  1.00  1.00  1.00  1.00   1.00    0
0.0   96 TT_INJECT   80    1865    1865    0.1  0.38  0.39  0.39  0.40   0.71   96
0.0   96 TT_LATENT   80    1120    1093   27.4  0.24  0.23  0.23  0.23  -0.89   96
0.0   96 TT_OBS      80    1206    1200    5.6  0.24  0.25  0.25  0.27   0.02   96
0.0   96 TT_TUNED    80    1109    1081   27.4  0.23  0.23  0.23  0.24  -0.78   96
0.0  128 CP          80    1124    1105   18.3  0.23  0.23  0.24  0.24  -0.33  128
0.0  128 KNN         80     794     792    1.9  0.16  0.17  0.16  0.18  -0.41  128
0.0  128 LOWRANK     80    1375    1368    7.3  0.29  0.28  0.29  0.29  -0.21  128
0.0  128 LRU         80    1162    1162    0.0  0.23  0.25  0.25  0.26  -0.00  128
0.0  128 MLP         80    1129    1124    5.0  0.22  0.24  0.24  0.25  -0.00   35
0.0  128 NOMEM       80    1156    1156    0.0  0.23  0.25  0.24  0.26  -0.00    0
0.0  128 ORACLE      80    4808    4808    0.0  1.00  1.00  1.00  1.00   1.00    0
0.0  128 TT_INJECT   80    2257    2257    0.1  0.48  0.47  0.45  0.47   0.78  120
0.0  128 TT_LATENT   80    1274    1267    6.9  0.26  0.27  0.27  0.27   0.12  120
0.0  128 TT_OBS      80    1249    1242    6.9  0.26  0.26  0.26  0.27  -0.10  120
0.0  128 TT_TUNED    80    1159    1152    6.5  0.23  0.25  0.24  0.26   0.00  112
0.0  192 CP          80    1204    1176   27.5  0.26  0.24  0.26  0.25   0.03  192
0.0  192 KNN         80     812     809    2.9  0.17  0.17  0.16  0.17  -0.44  192
0.0  192 LOWRANK     80    1511    1493   18.2  0.32  0.31  0.32  0.31   0.22  128
0.0  192 LRU         80    1164    1164    0.0  0.23  0.25  0.25  0.26  -0.00  192
0.0  192 MLP         80    1136    1126   10.0  0.22  0.24  0.24  0.25  -0.00   35
0.0  192 NOMEM       80    1156    1156    0.0  0.23  0.25  0.24  0.26  -0.00    0
0.0  192 ORACLE      80    4808    4808    0.0  1.00  1.00  1.00  1.00   1.00    0
0.0  192 TT_INJECT   80    4808    4808    0.2  1.00  1.00  1.00  1.00   1.00  192
0.0  192 TT_LATENT   80    1410    1399   11.1  0.29  0.29  0.31  0.30   0.48  192
0.0  192 TT_OBS      80    1384    1373   11.1  0.29  0.28  0.31  0.29   0.19  192
0.0  192 TT_TUNED    80    1130    1119   11.1  0.23  0.23  0.24  0.25   0.00  192
0.0  384 CP          80    1233    1196   36.7  0.25  0.25  0.27  0.26   0.22  256
0.0  384 KNN         80     879     874    5.7  0.18  0.19  0.20  0.17  -0.49  384
0.0  384 LOWRANK     80    2278    2125  152.4  0.50  0.45  0.53  0.42   0.63  384
0.0  384 LRU         80    1176    1176    0.0  0.23  0.25  0.27  0.26  -0.00  384
0.0  384 MLP         80    1088    1068   19.6  0.22  0.23  0.22  0.24  -0.00  137
0.0  384 NOMEM       80    1156    1156    0.0  0.23  0.25  0.24  0.26  -0.00    0
0.0  384 ORACLE      80    4808    4808    0.0  1.00  1.00  1.00  1.00   1.00    0
0.0  384 TT_INJECT   80    4808    4808    0.2  1.00  1.00  1.00  1.00   1.00  192
0.0  384 TT_LATENT   80    3133    3078   54.8  0.67  0.64  0.67  0.64   0.98  192
0.0  384 TT_OBS      80    1690    1667   22.2  0.36  0.33  0.40  0.34   0.50  384
0.0  384 TT_TUNED    80    3459    3349  109.7  0.75  0.70  0.75  0.69   0.97  384
1.0   96 CP          80    1050    1045    4.6  0.25  0.24  0.16  0.15  -0.00   32
1.0   96 KNN         80     625     624    1.5  0.14  0.13  0.11  0.12  -0.52   96
1.0   96 LRU         80    1070    1070    0.0  0.26  0.24  0.17  0.15  -0.00   96
1.0   96 MLP         80     992     987    5.0  0.24  0.22  0.15  0.15  -0.01   35
1.0   96 NOMEM       80    1068    1067    0.0  0.26  0.24  0.16  0.15  -0.00    0
1.0   96 ORACLE      80    4808    4808    0.0  1.00  1.00  1.00  1.00   1.00    0
1.0   96 TT_INJECT   80    1015    1015    0.1  0.24  0.23  0.15  0.15   0.04   96
1.0   96 TT_LATENT   80     700     672   27.4  0.16  0.15  0.12  0.12  -2.06   96
1.0   96 TT_OBS      80    1058    1053    5.6  0.26  0.24  0.16  0.16  -0.01   96
1.0   96 TT_TUNED    80     730     702   27.4  0.17  0.16  0.11  0.12  -0.90   96
1.0  128 CP          80     764     746   18.3  0.17  0.18  0.13  0.12  -0.56  128
1.0  128 KNN         80     642     640    1.9  0.15  0.14  0.12  0.11  -0.51  128
1.0  128 LOWRANK     80     885     878    7.3  0.21  0.20  0.15  0.14  -0.25  128
1.0  128 LRU         80    1072    1071    0.0  0.26  0.24  0.17  0.15  -0.00  128
1.0  128 MLP         80    1038    1033    5.0  0.25  0.23  0.16  0.16  -0.00   35
1.0  128 NOMEM       80    1068    1067    0.0  0.26  0.24  0.16  0.15  -0.00    0
1.0  128 ORACLE      80    4808    4808    0.0  1.00  1.00  1.00  1.00   1.00    0
1.0  128 TT_INJECT   80    1009    1009    0.1  0.24  0.23  0.15  0.16   0.05  120
1.0  128 TT_LATENT   80    1063    1056    6.9  0.26  0.24  0.16  0.15  -0.00  120
1.0  128 TT_OBS      80     827     820    6.9  0.18  0.19  0.14  0.14  -0.33  120
1.0  128 TT_TUNED    80    1054    1048    6.5  0.25  0.24  0.16  0.16  -0.00  112
1.0  192 CP          80     794     767   27.5  0.18  0.18  0.14  0.13  -0.30  192
1.0  192 KNN         80     637     634    2.9  0.14  0.13  0.12  0.12  -0.52  192
1.0  192 LOWRANK     80     926     908   18.2  0.22  0.21  0.15  0.14  -0.10  128
1.0  192 LRU         80    1074    1074    0.0  0.26  0.24  0.17  0.15  -0.00  192
1.0  192 MLP         80    1055    1045   10.0  0.26  0.24  0.16  0.16  -0.00   35
1.0  192 NOMEM       80    1068    1067    0.0  0.26  0.24  0.16  0.15  -0.00    0
1.0  192 ORACLE      80    4808    4808    0.0  1.00  1.00  1.00  1.00   1.00    0
1.0  192 TT_INJECT   80     990     990    0.2  0.23  0.22  0.16  0.15   0.08  192
1.0  192 TT_LATENT   80    1002     991   11.1  0.24  0.22  0.16  0.15  -0.03  192
1.0  192 TT_OBS      80     764     753   11.1  0.17  0.17  0.13  0.13  -0.42  192
1.0  192 TT_TUNED    80    1014    1003   11.1  0.24  0.23  0.16  0.16  -0.02  192
1.0  384 CP          80     844     807   36.7  0.20  0.19  0.15  0.13  -0.20  256
1.0  384 KNN         80     673     668    5.7  0.15  0.14  0.13  0.11  -0.52  384
1.0  384 LOWRANK     80     551     399  152.3  0.13  0.13  0.12  0.11  -0.84  384
1.0  384 LRU         80    1084    1084    0.0  0.26  0.24  0.18  0.15  -0.00  384
1.0  384 MLP         80    1005     985   19.6  0.25  0.23  0.15  0.15  -0.00  137
1.0  384 NOMEM       80    1068    1067    0.0  0.26  0.24  0.16  0.15  -0.00    0
1.0  384 ORACLE      80    4808    4808    0.0  1.00  1.00  1.00  1.00   1.00    0
1.0  384 TT_INJECT   80     990     990    0.2  0.23  0.22  0.16  0.15   0.08  192
1.0  384 TT_LATENT   80     684     630   54.8  0.15  0.15  0.12  0.12  -0.71  192
1.0  384 TT_OBS      80     769     747   22.2  0.17  0.17  0.13  0.13  -0.33  384
1.0  384 TT_TUNED    80     579     470  109.7  0.13  0.13  0.11  0.11  -1.08  384
EFF (mean over instances)
   ('CP', 128, 0.0, None) -0.3942
   ('CP', 128, 1.0, None) -2.5123
   ('CP', 192, 0.0, None) 0.1068
   ('CP', 192, 1.0, None) -1.5657
   ('CP', 384, 0.0, None) 0.158
   ('CP', 384, 1.0, None) -1.0172
   ('CP', 96, 0.0, None) -0.3344
   ('CP', 96, 1.0, None) -0.6899
   ('KNN', 128, 0.0, None) -2.8392
   ('KNN', 128, 1.0, None) -3.3392
   ('KNN', 192, 0.0, None) -1.804
   ('KNN', 192, 1.0, None) -2.2572
   ('KNN', 384, 0.0, None) -0.7349
   ('KNN', 384, 1.0, None) -1.0416
   ('KNN', 96, 0.0, None) -3.8953
   ('KNN', 96, 1.0, None) -4.6218
   ('LOWRANK', 128, 0.0, None) 1.656
   ('LOWRANK', 128, 1.0, None) -1.4798
   ('LOWRANK', 192, 0.0, None) 2.634
   ('LOWRANK', 192, 1.0, None) -1.2439
   ('LOWRANK', 384, 0.0, None) 2.525
   ('LOWRANK', 384, 1.0, None) -1.7414
   ('LRU', 128, 0.0, None) 0.0467
   ('LRU', 128, 1.0, None) 0.031
   ('LRU', 192, 0.0, None) 0.0441
   ('LRU', 192, 1.0, None) 0.0324
   ('LRU', 384, 0.0, None) 0.0533
   ('LRU', 384, 1.0, None) 0.0422
   ('LRU', 96, 0.0, None) 0.0622
   ('LRU', 96, 1.0, None) 0.031
   ('MLP', 128, 0.0, None) -0.9146
   ('MLP', 128, 1.0, None) -0.9825
   ('MLP', 192, 0.0, None) -0.8498
   ('MLP', 192, 1.0, None) -0.6319
   ('MLP', 384, 0.0, None) -0.6415
   ('MLP', 384, 1.0, None) -0.6005
   ('MLP', 96, 0.0, None) -2.4575
   ('MLP', 96, 1.0, None) -2.3075
   ('ORACLE', 128, 0.0, None) 3652.25
   ('ORACLE', 128, 1.0, None) 3740.5
   ('ORACLE', 192, 0.0, None) 3652.25
   ('ORACLE', 192, 1.0, None) 3740.5
   ('ORACLE', 384, 0.0, None) 3652.25
   ('ORACLE', 384, 1.0, None) 3740.5
   ('ORACLE', 96, 0.0, None) 3652.25
   ('ORACLE', 96, 1.0, None) 3740.5
   ('TT_INJECT', 128, 0.0, None) 9.1762
   ('TT_INJECT', 128, 1.0, None) -0.4905
   ('TT_INJECT', 192, 0.0, None) 19.0212
   ('TT_INJECT', 192, 1.0, None) -0.4058
   ('TT_INJECT', 384, 0.0, None) 19.0212
   ('TT_INJECT', 384, 1.0, None) -0.4058
   ('TT_INJECT', 96, 0.0, None) 7.3872
   ('TT_INJECT', 96, 1.0, None) -0.5477
   ('TT_LATENT', 128, 0.0, None) 0.9255
   ('TT_LATENT', 128, 1.0, None) -0.0953
   ('TT_LATENT', 192, 0.0, None) 1.269
   ('TT_LATENT', 192, 1.0, None) -0.397
   ('TT_LATENT', 384, 0.0, None) 10.0113
   ('TT_LATENT', 384, 1.0, None) -2.281
   ('TT_LATENT', 96, 0.0, None) -0.6566
   ('TT_LATENT', 96, 1.0, None) -4.1162
   ('TT_OBS', 128, 0.0, None) 0.7172
   ('TT_OBS', 128, 1.0, None) -2.064
   ('TT_OBS', 192, 0.0, None) 1.131
   ('TT_OBS', 192, 1.0, None) -1.6392
   ('TT_OBS', 384, 0.0, None) 1.3321
   ('TT_OBS', 384, 1.0, None) -0.8352
   ('TT_OBS', 96, 0.0, None) 0.4644
   ('TT_OBS', 96, 1.0, None) -0.1515
   ('TT_TUNED', 128, 0.0, None) -0.0299
   ('TT_TUNED', 128, 1.0, None) -0.1739
   ('TT_TUNED', 192, 0.0, None) -0.1939
   ('TT_TUNED', 192, 1.0, None) -0.3371
   ('TT_TUNED', 384, 0.0, None) 5.7115
   ('TT_TUNED', 384, 1.0, None) -1.557
   ('TT_TUNED', 96, 0.0, None) -0.7751
   ('TT_TUNED', 96, 1.0, None) -3.8037
{
 "controls": {
  "POS_L2_median": 0.2838963079340141,
  "POS_r2ho_median": 0.4766215126058705,
  "POS_pass": false,
  "CHEAT_smuggler": [
   "AUDIT_REFUSED"
  ],
  "CHEAT_smuggler_pass": true,
  "CHEAT_inject_ratio": 1.0,
  "CHEAT_inject_pass": true,
  "NEG_L2_minus_NOMEM_in_R": {
   "TT_TUNED@128": -0.0016,
   "TT_OBS@128": -0.0528,
   "TT_LATENT@128": 0.0001,
   "CP@128": -0.0659,
   "MLP@128": -0.0082,
   "LRU@128": 0.0,
   "LOWRANK@128": -0.0437,
   "KNN@128": -0.1055,
   "TT_TUNED@192": -0.0141,
   "TT_OBS@192": -0.0714,
   "TT_LATENT@192": -0.0173,
   "CP@192": -0.0641,
   "MLP@192": -0.0039,
   "LRU@192": 0.0,
   "LOWRANK@192": -0.0323,
   "KNN@192": -0.107
  },
  "NEG_pass": true
 },
 "controls_pass": false,
 "G": {
  "128": {
   "best_tt": "TT_OBS",
   "vs": {
    "LRU": {
     "tt": 0.7172020020833336,
     "x": 0.04665262499999991,
     "lo": 0.29687450322916725,
     "pass_": true
    },
    "KNN": {
     "tt": 0.7172020020833336,
     "x": -2.8392395302734372,
     "lo": 3.4143601233911136,
     "pass_": true
    },
    "CP": {
     "tt": 0.7172020020833336,
     "x": -0.3941704443359394,
     "lo": 0.8119203737141952,
     "pass_": true
    },
    "LOWRANK": {
     "tt": 0.7172020020833336,
     "x": 1.6559626250000001,
     "lo": -1.4535787906770834,
     "pass_": false
    },
    "MLP": {
     "tt": 0.7172020020833336,
     "x": -0.914600814285715,
     "lo": 1.1893904789672634,
     "pass_": true
    }
   }
  },
  "192": {
   "best_tt": "TT_OBS",
   "vs": {
    "LRU": {
     "tt": 1.130980781901041,
     "x": 0.044122583333333285,
     "lo": 0.7712624739680984,
     "pass_": true
    },
    "KNN": {
     "tt": 1.130980781901041,
     "x": -1.8040282701822918,
     "lo": 2.768710265592447,
     "pass_": true
    },
    "CP": {
     "tt": 1.130980781901041,
     "x": 0.10678669856771039,
     "lo": 0.7356963837662731,
     "pass_": true
    },
    "LOWRANK": {
     "tt": 1.130980781901041,
     "x": 2.6340471874999993,
     "lo": -2.2288371072916666,
     "pass_": false
    },
    "MLP": {
     "tt": 1.130980781901041,
     "x": -0.8497779571428618,
     "lo": 1.5834051618866294,
     "pass_": true
    }
   }
  }
 },
 "G_pass": false,
 "G_reported_caps_96_384": {
  "96": {
   "best_tt": "TT_OBS",
   "vs": {
    "LRU": {
     "tt": 0.46435295442708274,
     "x": 0.06220349999999979,
     "lo": 0.10972184807291625,
     "pass_": true
    },
    "KNN": {
     "tt": 0.46435295442708274,
     "x": -3.895284123697917,
     "lo": 4.235810026412761,
     "pass_": true
    },
    "CP": {
     "tt": 0.46435295442708274,
     "x": -0.33442535546875224,
     "lo": 0.37084235328776205,
     "pass_": true
    },
    "LOWRANK": "NA",
    "MLP": {
     "tt": 0.46435295442708274,
     "x": -2.457457957142858,
     "lo": 2.410004561596168,
     "pass_": true
    }
   }
  },
  "384": {
   "best_tt": "TT_TUNED",
   "vs": {
    "LRU": {
     "tt": 5.711517591471351,
     "x": 0.053311291666666635,
     "lo": 5.308362357197263,
     "pass_": true
    },
    "KNN": {
     "tt": 5.711517591471351,
     "x": -0.7349434306640625,
     "lo": 6.2072915492968725,
     "pass_": true
    },
    "CP": {
     "tt": 5.711517591471351,
     "x": 0.15804652001952935,
     "lo": 5.207630700160724,
     "pass_": true
    },
    "LOWRANK": {
     "tt": 5.711517591471351,
     "x": 2.5250361608072955,
     "lo": 2.6098606442708254,
     "pass_": true
    },
    "MLP": {
     "tt": 5.711517591471351,
     "x": -0.6415293822992706,
     "lo": 6.072223890895369,
     "pass_": true
    }
   }
  }
 },
 "TRANSFER": {
  "arm": "TT_OBS",
  "tt_L2": 0.2831614272364923,
  "nomem_L2": 0.24538258892953535,
  "lo": 0.022923885464105558
 },
 "TRANSFER_pass": true,
 "TRANSPLANT": {
  "CP": {
   "carried": 0.1933716199093868,
   "fresh": 0.23250792694605416,
   "lo": -0.05897779285520878
  },
  "KNN": {
   "carried": 0.1822993844751459,
   "fresh": 0.1889567028512143,
   "lo": -0.014813174628594541
  },
  "LOWRANK": {
   "carried": 0.2253909498500764,
   "fresh": 0.24419222422059966,
   "lo": -0.04178283003745541
  },
  "LRU": {
   "carried": 0.2558775847202738,
   "fresh": 0.2558775847202738,
   "lo": 0.0
  },
  "MLP": {
   "carried": 0.25485523310283914,
   "fresh": 0.1703212175701249,
   "lo": 0.05843227528627856
  },
  "TT_LATENT": {
   "carried": 0.2174051462734276,
   "fresh": 0.24775097194863874,
   "lo": -0.04673002541738826
  },
  "TT_OBS": {
   "carried": 0.205213720475518,
   "fresh": 0.24848107343333167,
   "lo": -0.06720470737418766
  },
  "TT_TUNED": {
   "carried": 0.2320070455814013,
   "fresh": 0.24695020462928569,
   "lo": -0.03080140466743916
  }
 },
 "TRANSPLANT_pass": false,
 "kappa_sensitivity": {
  "0.0": false,
  "4.0": false
 },
 "VERDICT": "INDETERMINATE (controls)"
}
