{
  "constants_count": 74,
  "constant_names": [
    "alladi_grinstead",
    "apery_zeta3",
    "backhouse",
    "barban",
    "bronze_ratio",
    "brun",
    "cahen",
    "carefree",
    "catalan",
    "champernowne",
    "conway",
    "copeland_erdos",
    "cube_root_2",
    "de_bruijn_newman",
    "dottie",
    "e",
    "embree_trefethen",
    "erdos_borwein",
    "erdos_tenenbaum_ford",
    "euler_mascheroni",
    "feigenbaum_alpha",
    "feigenbaum_delta",
    "feller_tornier",
    "foias",
    "fransen_robinson",
    "gelfond",
    "gibbs",
    "glaisher_kinkelin",
    "golden_ratio",
    "golomb_dickman",
    "hafner_sarnak_mccurley",
    "heath_brown_moroz",
    "imaginary_unit_abs",
    "kepler_bouwkamp",
    "khinchin",
    "komornik_loreti",
    "landau_ramanujan",
    "landau_totient",
    "laplace_limit",
    "legendre",
    "lengyel",
    "levy",
    "lieb_square_ice",
    "liouville",
    "magic_angle",
    "meissel_mertens",
    "mills",
    "mrb",
    "murata",
    "niven",
    "omega",
    "pi",
    "plastic_ratio",
    "porter",
    "prime_constant",
    "prouhet_thue_morse",
    "quadratic_class_number",
    "reciprocal_fibonacci",
    "robbins",
    "sierpinski",
    "silver_ratio",
    "somos_quadratic",
    "sqrt_2",
    "sqrt_3",
    "sqrt_5",
    "sqrt_6",
    "sqrt_7",
    "stephens",
    "taniguchi",
    "tau",
    "totient_constant",
    "twelfth_root_2",
    "twin_primes",
    "universal_parabolic"
  ],
  "bases": [
    "base_2",
    "base_e",
    "base_phi",
    "base_pi",
    "base_10",
    "base_12"
  ],
  "distance_matrices": {
    "base_2": [
      [
        0.0,
        0.46113790031734153,
        0.516355241888388,
        0.368790413763701,
        0.3559946786370684,
        0.4190772639059537,
        0.5266340791964916,
        0.5275678314525958,
        0.29222352953622194,
        0.6162479800286351,
        0.5392797813538266,
        0.736311761942375,
        0.4941793643672396,
        0.6617330321154797,
        0.4251635322697639,
        0.4269176507265385,
        0.5009287773990012,
        0.231494614364726,
        0.6690024409414602,
        0.45105759580324617,
        0.5376597299034127,
        0.45586851975385084,
        0.4212364149218212,
        0.3471160290775646,
        0.5281332995176202,
        0.44449659826146065,
        0.3085672684282951,
        0.43450081908466487,
        0.2234865210045378,
        0.35545047225853554,
        0.5155699231780064,
        0.6294660615995368,
        0.43947156041049973,
        0.5792119721962476,
        0.4138972126167841,
        0.40712884292203466,
        0.2165617169150915,
        0.4898045079957367,
        0.5166220122044414,
        0.43947156041049973,
        0.3909031276488585,
        0.35553011495578335,
        0.2600905417502234,
        0.6240656813204796,
        0.48354099206312057,
        0.5065729146604747,
        0.36084584741125186,
        0.7644194035642313,
        0.5250112670890923,
        0.26912701409283024,
        0.4438054145556448,
        0.29327601874878173,
        0.4436800663188656,
        0.4958510680654683,
        0.5207255051021268,
        0.548346152335617,
        0.6165444989504482,
        0.31953608320185684,
        0.43572565778637956,
        0.3959501023438222,
        0.42669084995681494,
        0.3212092758744003,
        0.4605322321225108,
        0.2694474761995456,
        0.3346172568570278,
        0.42369946295424976,
        0.4539138087790886,
        0.4443091367919942,
        0.39458701403670976,
        0.29327601874878173,
        0.4153677549477787,
        0.3237500056213511,
        0.45181499825171184,
        0.503555364739062
      ],
      [
        0.46113790031734153,
        0.0,
        0.3565218461014733,
        0.4918629755759621,
        0.42338074114773444,
        0.4877155457661623,
        0.4488970192531287,
        0.35777126529493986,
        0.485445744026039,
        0.4837677794669695,
        0.44008898019053344,
        0.5247114707614847,
        0.38339270926450986,
        0.5137116010930746,
        0.34378888282754433,
        0.33572290738644606,
        0.2709104424380414,
        0.41339867931286256,
        0.5929473748604571,
        0.2658766383857026,
        0.4059198745578182,
        0.3005796667694886,
        0.28499157126389824,
        0.2939064388416898,
        0.34706471752735124,
        0.2912383513302254,
        0.4961527226261311,
        0.5165157693460666,
        0.4760067787577813,
        0.21404791360559355,
        0.6045363737957067,
        0.5589471350322788,
        0.29145012938809467,
        0.4733144449525578,
        0.31418477787590265,
        0.4792723424432053,
        0.4789001742915783,
        0.38268059903419643,
        0.3181997178038538,
        0.29145012938809467,
        0.31391136920514284,
        0.3476544927381913,
        0.40439267063249,
        0.49338761813139015,
        0.4916685811647044,
        0.695660756367435,
        0.46258125430424385,
        0.576008275890632,
        0.34878547983746705,
        0.38294979063301415,
        0.2899673035466044,
        0.37452076209488144,
        0.31048676870876507,
        0.262100406987984,
        0.7352557475090535,
        0.6432710893601452,
        0.8393946111043991,
        0.43519201816846326,
        0.334066643560767,
        0.41407406036622535,
        0.3254521155416565,
        0.43670632490143463,
        0.4046015810482134,
        0.3669499683949931,
        0.3648760429052913,
        0.22435044953720223,
        0.36992714613902006,
        0.31954386008043295,
        0.4132590418855405,
        0.37452076209488144,
        0.35184944408358515,
        0.3471829427916724,
        0.3615190322620809,
        0.33434008936171483
      ],
      [
        0.516355241888388,
        0.3565218461014733,
        0.0,
        0.43710824305912643,
        0.3806122059027743,
        0.3286486583015631,
        0.36008696190782374,
        0.3226132091177947,
        0.3158881428156128,
        0.6030835781541222,
        0.3928351875664654,
        0.47428657331010293,
        0.35492359332197637,
        0.5867023959015149,
        0.2430432496873982,
        0.39726074189212207,
        0.3000560683727489,
        0.5214976081904015,
        0.5442353162181591,
        0.33217259439909813,
        0.3062576518452003,
        0.34824620452012806,
        0.304955681641269,
        0.41848422322434325,
        0.23686090250335182,
        0.19378296190456165,
        0.4805710523586471,
        0.35000659231628856,
        0.51806025549802,
        0.37435012113857136,
        0.579393534701533,
        0.6823806700095559,
        0.3644409241965349,
        0.5799679015845175,
        0.36879758573042803,
        0.4554335807880801,
        0.4805366253623171,
        0.36398402754812204,
        0.29416804953725034,
        0.3644409241965349,
        0.36224603521739573,
        0.5264667301386018,
        0.5236905319705187,
        0.6179653463074315,
        0.4624275829826375,
        0.7223112307075806,
        0.36830666007022894,
        0.5173006478083796,
        0.25846383775738574,
        0.3639089740744795,
        0.3375119372952118,
        0.5420459776654057,
        0.330988048126098,
        0.25478720732197324,
        0.5391311025523237,
        0.7239457660300604,
        0.580852214631008,
        0.48498814213835595,
        0.2378473169003577,
        0.36504406034238157,
        0.28785212053744774,
        0.5042851754124058,
        0.3328214375975178,
        0.5182793520403034,
        0.40692951964553004,
        0.31221912136729085,
        0.3099268520400937,
        0.3128355743584273,
        0.3554271453059815,
        0.5420459776654057,
        0.2654393668135247,
        0.4747781697125529,
        0.30910843187300396,
        0.30263585471065907
      ],
      [
        0.368790413763701,
        0.4918629755759621,
        0.43710824305912643,
        0.0,
        0.289616243816336,
        0.23360264231915165,
        0.396748622244777,
        0.47364743382885377,
        0.24807301910571317,
        0.7045234925367247,
        0.33610345195864155,
        0.7435848659782145,
        0.39675338514267605,
        0.7050988726817217,
        0.48284622831757673,
        0.3452849221768604,
        0.3754234471325802,
        0.32243333821623854,
        0.7254782078438621,
        0.45466372110953623,
        0.3789965045075287,
        0.4988722592368068,
        0.4275885847343465,
        0.4487407551344231,
        0.33998077592383186,
        0.41533540910891975,
        0.3708451079651661,
        0.453284106660556,
        0.3369703329323391,
        0.5218078054507442,
        0.6522163905723072,
        0.6380034392303788,
        0.4828374009767416,
        0.8101639695302363,
        0.29643515358919825,
        0.3179369994633978,
        0.2774590305076644,
        0.4124697701118229,
        0.37388609688935487,
        0.4828374009767416,
        0.5660528836813276,
        0.3855335560659016,
        0.37228435181450337,
        0.813141073369985,
        0.35096136997337707,
        0.4932624060811378,
        0.3586599134654238,
        0.7108403008790631,
        0.3411990891609452,
        0.43680335560288575,
        0.4839945799859244,
        0.4228772092601042,
        0.403451265890022,
        0.3942766271166451,
        0.48049969662059083,
        0.4963092964782731,
        0.5525487977546747,
        0.4160325552831582,
        0.37964523166692093,
        0.32050387625333987,
        0.5211046689201239,
        0.3737857144932507,
        0.5108082095488692,
        0.44266701900995326,
        0.4481010687848291,
        0.5986965991137625,
        0.3923621441447882,
        0.4050418612286007,
        0.39625146597373556,
        0.4228772092601042,
        0.32572743084005096,
        0.38720746121000493,
        0.4318509810334352,
        0.3883196840138716
      ],
      [
        0.3559946786370684,
        0.42338074114773444,
        0.3806122059027743,
        0.289616243816336,
        0.0,
        0.24395923504570474,
        0.537700826916688,
        0.5349570376340346,
        0.3750044022444665,
        0.6350049284525445,
        0.5391063688441416,
        0.761094902551439,
        0.4980420575327356,
        0.6123008533148294,
        0.4789607917835569,
        0.5591076535504406,
        0.4487961239963438,
        0.356077023531672,
        0.5640242672338527,
        0.3201150231355414,
        0.47236948804941303,
        0.35368782225734013,
        0.5341420421625276,
        0.3936956927908649,
        0.368200869831353,
        0.39225117292090583,
        0.4405134269671801,
        0.5400733850142424,
        0.3523055291156871,
        0.3840159911548162,
        0.4941381159108488,
        0.6607950045500286,
        0.39003938160984947,
        0.6053730730263128,
        0.5206968934528645,
        0.4189508165034525,
        0.24823417791964866,
        0.4056752143718781,
        0.48982445451215384,
        0.39003938160984947,
        0.5211936131135488,
        0.23468241516811114,
        0.3416230548573102,
        0.6424364950056908,
        0.4045166888277293,
        0.47942185207042204,
        0.49136730658263805,
        0.7005109796399211,
        0.38531574163066745,
        0.26736448950855174,
        0.3205742358180028,
        0.37730931263946,
        0.549187332206612,
        0.45814238731200135,
        0.5861048969695611,
        0.6656276194260619,
        0.49081948409612064,
        0.2331751474150241,
        0.4274647967917659,
        0.4684996695089386,
        0.37846947564161837,
        0.3168081350384119,
        0.442197677944895,
        0.326314644642141,
        0.4634362649681771,
        0.46605170328804957,
        0.48055777970870384,
        0.2899285264747582,
        0.4955785709364206,
        0.37730931263946,
        0.4223746643031005,
        0.4520065272762742,
        0.47602503433482835,
        0.3238829269693046
      ],
      [
        0.4190772639059537,
        0.4877155457661623,
        0.3286486583015631,
        0.23360264231915165,
        0.24395923504570474,
        0.0,
        0.5057955545544685,
        0.4014224802001729,
        0.29201108512339624,
        0.6974887058357935,
        0.4092763180359903,
        0.7028086176426088,
        0.4084949397123993,
        0.769237760173655,
        0.37371226086299797,
        0.4385858846317376,
        0.3317799469092142,
        0.45817596627526236,
        0.651607731167601,
        0.44042493198619254,
        0.42958926521572743,
        0.41780705355398207,
        0.4635511326253693,
        0.4279819545903106,
        0.3354264644126549,
        0.3786324902413645,
        0.40115759532561474,
        0.46819475403532856,
        0.3615919757611075,
        0.4940637851379812,
        0.5294869095670333,
        0.737453302009827,
        0.546976288468675,
        0.6956162702894945,
        0.4488617488538482,
        0.4397461379358283,
        0.37679062890413345,
        0.3494887526456281,
        0.4063315643781629,
        0.546976288468675,
        0.6040854164545302,
        0.37560231059497906,
        0.3649680528685469,
        0.7672524138879789,
        0.35188289346618434,
        0.5270397590347493,
        0.3973920506237367,
        0.6060943691513431,
        0.32236807225797165,
        0.3558487398053412,
        0.35912696730627025,
        0.4395537512340955,
        0.4676087683721622,
        0.3627691218193912,
        0.5363556978033527,
        0.5803321069881091,
        0.49002445182494603,
        0.2993395999862768,
        0.4240055100781702,
        0.3805300725947238,
        0.5187551782826313,
        0.4416420883828339,
        0.42351233584336184,
        0.3766272935162197,
        0.4727227116135975,
        0.5796064636326067,
        0.3603048609790028,
        0.3562662875881953,
        0.5287866868214807,
        0.4395537512340955,
        0.31154871541081275,
        0.4997358064765717,
        0.4578555623152456,
        0.37503664639437606
      ],
      [
        0.5266340791964916,
        0.4488970192531287,
        0.36008696190782374,
        0.396748622244777,
        0.537700826916688,
        0.5057955545544685,
        0.0,
        0.24471913830093212,
        0.4179635232154668,
        0.6028134683044756,
        0.20134718043086985,
        0.504061992038732,
        0.3035453394632416,
        0.5639562481508813,
        0.27798350430038293,
        0.29074968368394394,
        0.3678941663015958,
        0.428751163931672,
        0.5994076058496088,
        0.41706068743922786,
        0.22600195563560452,
        0.35091413946494876,
        0.39360228920815576,
        0.41708686834573894,
        0.26965154922431317,
        0.36941447814484285,
        0.38990671465624016,
        0.20799240365365765,
        0.4821637864768266,
        0.3918735328834059,
        0.843756964334373,
        0.5716132964964951,
        0.34169477644590135,
        0.6335831632381821,
        0.37864001027678273,
        0.26053376312079424,
        0.44205905729005834,
        0.4250114398759848,
        0.2753719048925733,
        0.34169477644590135,
        0.2739703253624593,
        0.47722437618135083,
        0.42922978082676666,
        0.6295489565284907,
        0.3650296896437364,
        0.690533593155046,
        0.21387087372453056,
        0.503488587399421,
        0.29346144016641823,
        0.6167277690538123,
        0.34313741117628965,
        0.49389769840699116,
        0.26904577345679254,
        0.48129879569120687,
        0.6830231332293507,
        0.607630569516292,
        0.5999783274565699,
        0.5162884178257903,
        0.3176886842655951,
        0.25246716187045454,
        0.4422432272882466,
        0.41522037066711937,
        0.2906606768257671,
        0.4957462947552578,
        0.3710330506243367,
        0.4065937150686887,
        0.33120036288701954,
        0.40606715991155684,
        0.25838153569527844,
        0.49389769840699116,
        0.34443938137336205,
        0.32896769107235413,
        0.32873394562773106,
        0.41037273112269257
      ],
      [
        0.5275678314525958,
        0.35777126529493986,
        0.3226132091177947,
        0.47364743382885377,
        0.5349570376340346,
        0.4014224802001729,
        0.24471913830093212,
        0.0,
        0.4637595114216558,
        0.6053455826431022,
        0.2661749183222389,
        0.4023497643874057,
        0.28676682117409164,
        0.6021743228654517,
        0.25592073619333366,
        0.310266198511592,
        0.28743945851538705,
        0.5780819941316625,
        0.5518505070258423,
        0.32391643950681204,
        0.3183750321943992,
        0.28399026797095844,
        0.3137093706835891,
        0.32377114322133427,
        0.29076538742858776,
        0.3057367132036176,
        0.4363780925201679,
        0.21011159973405533,
        0.5486981307075135,
        0.3307377037881765,
        0.7346337683855968,
        0.478734483137426,
        0.37991285116047174,
        0.5609067076672435,
        0.3512502731071262,
        0.30874178164338095,
        0.5913581297918784,
        0.36750378333997086,
        0.4283309076517791,
        0.37991285116047174,
        0.4174467024231187,
        0.5086602922113121,
        0.4365132243517602,
        0.5921784396127497,
        0.369217030182522,
        0.7344742444100176,
        0.24609462749371164,
        0.42646500558446393,
        0.19462950291763764,
        0.4320721475112497,
        0.3192803732380666,
        0.5341743512391067,
        0.31785968073937565,
        0.37086754440395925,
        0.7590157735911794,
        0.6582718380140374,
        0.5688965545074383,
        0.4159027140618753,
        0.36928904603168694,
        0.23924724113700133,
        0.39842134485417685,
        0.35803983976626863,
        0.2034748892044549,
        0.4831706709028344,
        0.4375673948550235,
        0.30342879805981343,
        0.3376505480409583,
        0.32203805260363083,
        0.3771146080529004,
        0.5341743512391067,
        0.4100620562064282,
        0.40190319264761104,
        0.3606673792446826,
        0.3589892600148526
      ],
      [
        0.29222352953622194,
        0.485445744026039,
        0.3158881428156128,
        0.24807301910571317,
        0.3750044022444665,
        0.29201108512339624,
        0.4179635232154668,
        0.4637595114216558,
        0.0,
        0.7340310835260332,
        0.3811007391830497,
        0.6051120841613935,
        0.4224669939816064,
        0.7057542767527891,
        0.4372927553661974,
        0.3847068793217051,
        0.41793472464408526,
        0.3689308408645548,
        0.7669394685982212,
        0.5542496889128871,
        0.3607469732947651,
        0.5511968021619492,
        0.3203847496507604,
        0.5087635425378356,
        0.45157274458750457,
        0.4226323091115493,
        0.29980490325655684,
        0.42367284986418924,
        0.34593639000157234,
        0.5335389990772588,
        0.5111031789749368,
        0.670392032818252,
        0.48349280504780917,
        0.7091647591535262,
        0.3299739409276207,
        0.29567107525622427,
        0.3511591325975371,
        0.2961925304340827,
        0.40706047658707417,
        0.48349280504780917,
        0.453218841199759,
        0.49139074023642887,
        0.4262591061575764,
        0.7359487106184497,
        0.40389537451586427,
        0.5375198884328455,
        0.44087579789354703,
        0.6717424865083218,
        0.45010807472206804,
        0.28598912569233764,
        0.5402784469254537,
        0.33928769767127887,
        0.39351606940108363,
        0.42492378575453704,
        0.378113237399163,
        0.5368959479307315,
        0.5850976691590208,
        0.45857703526410715,
        0.341676183063118,
        0.4376230154451141,
        0.4885553022306505,
        0.4197913147152466,
        0.5053110228625934,
        0.5029200326310148,
        0.45706712585406234,
        0.5073940465649646,
        0.3824177926873281,
        0.46982730012378515,
        0.44261257002395765,
        0.33928769767127887,
        0.28433392289461057,
        0.45971139604338646,
        0.4154429190670027,
        0.4827086009512248
      ],
      [
        0.6162479800286351,
        0.4837677794669695,
        0.6030835781541222,
        0.7045234925367247,
        0.6350049284525445,
        0.6974887058357935,
        0.6028134683044756,
        0.6053455826431022,
        0.7340310835260332,
        0.0,
        0.5664254946812156,
        0.3339184715220146,
        0.7417584077875033,
        0.4285292829925614,
        0.5928081782988338,
        0.5510965728454598,
        0.567735289459907,
        0.6257765814028301,
        0.2328726609845056,
        0.541416191721503,
        0.7184434355386476,
        0.4909186764758714,
        0.6639232306360897,
        0.47683591236878997,
        0.5426177568229579,
        0.5876014957780178,
        0.7063735945258993,
        0.6855489944155164,
        0.5553984561909585,
        0.4123042150684431,
        0.490097035565053,
        0.38336194351042674,
        0.6507907546975414,
        0.23899550074911166,
        0.5726618510054918,
        0.7659314151898284,
        0.6933525764118653,
        0.7089939508041468,
        0.5807810164498468,
        0.6507907546975414,
        0.5409980109753405,
        0.6361930007301929,
        0.7016181571041851,
        0.3137895668987388,
        0.6892959209669933,
        0.46353496801287736,
        0.6148844404685039,
        0.42278082724298577,
        0.5973819456466086,
        0.6301173430522319,
        0.5272092802466138,
        0.6393192574339268,
        0.5625046727602679,
        0.573588457739642,
        0.5384453946308222,
        0.4831943996079049,
        0.44838583545471455,
        0.5291789503165713,
        0.7035241788492479,
        0.629501397032517,
        0.4349485320348197,
        0.6116863977619754,
        0.5507945628497001,
        0.530337346962055,
        0.4442677203384685,
        0.5081031044136134,
        0.6000485162259058,
        0.5165999106935869,
        0.5706604415540066,
        0.6393192574339268,
        0.5884339474568513,
        0.454321359634811,
        0.5836041498057285,
        0.516617512779639
      ],
      [
        0.5392797813538266,
        0.44008898019053344,
        0.3928351875664654,
        0.33610345195864155,
        0.5391063688441416,
        0.4092763180359903,
        0.20134718043086985,
        0.2661749183222389,
        0.3811007391830497,
        0.5664254946812156,
        0.0,
        0.5196659363553972,
        0.30227005686319536,
        0.6190397704715486,
        0.3954969150959605,
        0.2932020461449522,
        0.3178767338716163,
        0.489448466239495,
        0.5856533101490323,
        0.41808725369550076,
        0.3129579631250037,
        0.3910909317218474,
        0.3392957012208605,
        0.3941449242870933,
        0.29695538437652114,
        0.4500311020341589,
        0.4703055601076128,
        0.2610882267546929,
        0.4104922479310905,
        0.3838263945298713,
        0.7511495437828589,
        0.5654614298342617,
        0.39677829876656856,
        0.6725393045674315,
        0.26512725116651564,
        0.34439069150314655,
        0.5475833134259369,
        0.45348243661870646,
        0.33745390195072467,
        0.39677829876656856,
        0.3564812454197214,
        0.5861251482195557,
        0.45048270315564426,
        0.6276864158989828,
        0.396830421428945,
        0.6137127605845947,
        0.28012978647963815,
        0.5618665327100938,
        0.34223849131815237,
        0.5614445615404237,
        0.47076760508421756,
        0.49111474645928527,
        0.3207741629636799,
        0.31075927912462,
        0.6861705901849914,
        0.6486153144861777,
        0.6468314592863745,
        0.4916566582979382,
        0.4054972962338377,
        0.26658678218436227,
        0.43799303718781685,
        0.48769531104069247,
        0.37523048445986157,
        0.5616761574072613,
        0.29936151207860046,
        0.4356408935610581,
        0.33360395568964596,
        0.3759041073598684,
        0.31133977467264695,
        0.49111474645928527,
        0.3254733482047541,
        0.28823690082994935,
        0.3554564505640026,
        0.3752925617353275
      ],
      [
        0.736311761942375,
        0.5247114707614847,
        0.47428657331010293,
        0.7435848659782145,
        0.761094902551439,
        0.7028086176426088,
        0.504061992038732,
        0.4023497643874057,
        0.6051120841613935,
        0.3339184715220146,
        0.5196659363553972,
        0.0,
        0.5393143110583385,
        0.37566573438129647,
        0.4704577183051323,
        0.5252875842079763,
        0.5876807717896491,
        0.7844744859329434,
        0.3542918521250466,
        0.6674656061001272,
        0.5178392697974219,
        0.5857691612828112,
        0.5212209431360089,
        0.6073241372396331,
        0.5744832669448593,
        0.5283656651080361,
        0.6425298252655253,
        0.5143451345161695,
        0.6911463194135586,
        0.526258784658237,
        0.4410563304607328,
        0.3593418069778142,
        0.5979272060862765,
        0.29142681172402585,
        0.551719246276332,
        0.6286953943500405,
        0.876996977629005,
        0.5361927594306853,
        0.6318080537780995,
        0.5979272060862765,
        0.5477594521185665,
        0.7283851604275211,
        0.6900376188855303,
        0.3158592507531993,
        0.5509484488542338,
        0.5869656087261723,
        0.5892826019282553,
        0.2097671683979617,
        0.4950549980607268,
        0.6607534126139564,
        0.6770136869578269,
        0.6718866785566372,
        0.5692460686769693,
        0.5619206456885799,
        0.44456281671573106,
        0.4193928390563727,
        0.38698304471505784,
        0.762372195446199,
        0.4961704005224662,
        0.5340657963282655,
        0.6007679160172067,
        0.649025591073533,
        0.4813225433467304,
        0.6412049516670575,
        0.5800155835610687,
        0.44069260127858867,
        0.5032281260011805,
        0.596879988266184,
        0.5364782666257221,
        0.6718866785566372,
        0.577744239006654,
        0.6472811624326579,
        0.5637371440300992,
        0.6714017220109326
      ],
      [
        0.4941793643672396,
        0.38339270926450986,
        0.35492359332197637,
        0.39675338514267605,
        0.4980420575327356,
        0.4084949397123993,
        0.3035453394632416,
        0.28676682117409164,
        0.4224669939816064,
        0.7417584077875033,
        0.30227005686319536,
        0.5393143110583385,
        0.0,
        0.49867626224216255,
        0.33167896202474956,
        0.2964276510951396,
        0.306331061734695,
        0.47576632352069637,
        0.6399676336069794,
        0.304828855925701,
        0.2555048816831813,
        0.3656305708101185,
        0.18641113685884778,
        0.42992095385074547,
        0.3566998374677293,
        0.3064720721551455,
        0.3403262751907522,
        0.2589144795198334,
        0.4938131904726338,
        0.41014367084909525,
        0.7230622528612725,
        0.488428263770883,
        0.2764147905371826,
        0.6156425948930603,
        0.2994786316032871,
        0.352146818194095,
        0.4115358709907265,
        0.3934235914476996,
        0.28908773464899146,
        0.2764147905371826,
        0.39956007919868525,
        0.4487581063012826,
        0.41119974772227225,
        0.6368451372165577,
        0.42059798004408844,
        0.696390473791493,
        0.3009364347147807,
        0.47097064765898217,
        0.23243416709036555,
        0.44405182408302896,
        0.3421381607111003,
        0.4316867524898341,
        0.254014737292766,
        0.28692073398984425,
        0.6623103296268379,
        0.6043525092392033,
        0.7560449204210936,
        0.5062238912207915,
        0.21358140692649277,
        0.18392284407085982,
        0.4746521209301034,
        0.5452520649309885,
        0.27231454825578083,
        0.5453895752677302,
        0.3826824546201438,
        0.3993676455667367,
        0.2244503364224324,
        0.3395429010841784,
        0.33094876214561214,
        0.4316867524898341,
        0.3081840227206168,
        0.3711933180986782,
        0.21607526789748877,
        0.4096233136218264
      ],
      [
        0.6617330321154797,
        0.5137116010930746,
        0.5867023959015149,
        0.7050988726817217,
        0.6123008533148294,
        0.769237760173655,
        0.5639562481508813,
        0.6021743228654517,
        0.7057542767527891,
        0.4285292829925614,
        0.6190397704715486,
        0.37566573438129647,
        0.49867626224216255,
        0.0,
        0.6599788108963179,
        0.6192574139140458,
        0.6196273599330684,
        0.6450151438734033,
        0.25897665116124124,
        0.5541145973202521,
        0.4679512986461734,
        0.532691916599405,
        0.5481995614502039,
        0.6160567494494213,
        0.5966203035829849,
        0.5556570533026115,
        0.674284082693542,
        0.5186947998327717,
        0.6981948740294357,
        0.6012464831953191,
        0.4886764235624395,
        0.21554621161158083,
        0.22226147170497995,
        0.3673027260397237,
        0.6239985763772785,
        0.6291020212705629,
        0.5890472349653288,
        0.7165027394341653,
        0.6075330712709487,
        0.22226147170497995,
        0.48023025137165226,
        0.6318513340053776,
        0.5208149749339168,
        0.28949036935042965,
        0.6767304928388584,
        0.4006757367458677,
        0.6288560369723991,
        0.30863087858720545,
        0.6100321217053638,
        0.6465190060808967,
        0.47624010946401457,
        0.5846714617444249,
        0.5420528632129107,
        0.668599014759774,
        0.3693200003253849,
        0.45564028491382963,
        0.4707518331756056,
        0.6351613277148996,
        0.5611639888983574,
        0.5342286033893606,
        0.5526505922801647,
        0.6272251408768996,
        0.60212845683965,
        0.7149881834462222,
        0.5870641381769457,
        0.5065171950744863,
        0.6063751700990926,
        0.5369649550233367,
        0.5848921506978038,
        0.5846714617444249,
        0.6645809222986507,
        0.5378285493072906,
        0.4865191747104341,
        0.5519714850930705
      ],
      [
        0.4251635322697639,
        0.34378888282754433,
        0.2430432496873982,
        0.48284622831757673,
        0.4789607917835569,
        0.37371226086299797,
        0.27798350430038293,
        0.25592073619333366,
        0.4372927553661974,
        0.5928081782988338,
        0.3954969150959605,
        0.4704577183051323,
        0.33167896202474956,
        0.6599788108963179,
        0.0,
        0.2879061810642988,
        0.3369280486627911,
        0.41209727028486054,
        0.6121583611403356,
        0.3914613770032487,
        0.3213278584124098,
        0.3488094473643914,
        0.31191669783022696,
        0.38248138157960115,
        0.27270686846224906,
        0.19587330796167501,
        0.3644662751040156,
        0.27805889704149334,
        0.43505195880080333,
        0.33371915651139883,
        0.6531722121868155,
        0.6612216197637057,
        0.4377173391913379,
        0.517923041012347,
        0.3940818209336396,
        0.4881057886938882,
        0.5180360423428183,
        0.4258780445575938,
        0.26207131751708945,
        0.4377173391913379,
        0.37905864616109886,
        0.5019059935354904,
        0.4035474414179215,
        0.499282681978772,
        0.42809850817800016,
        0.8235193970786696,
        0.2945385305706777,
        0.492355662650476,
        0.28638785196494826,
        0.5043808206261345,
        0.2979787437512733,
        0.4932056698671021,
        0.3073377014619833,
        0.29594459154919056,
        0.6452570402394905,
        0.5650924677460635,
        0.600646353150717,
        0.4740797351296586,
        0.2693071895059568,
        0.30083880761438275,
        0.4241556540674707,
        0.46899130787097004,
        0.25760073419999874,
        0.39005232820437996,
        0.3239212229483134,
        0.3282927800028402,
        0.28980355337434077,
        0.3493917362089193,
        0.2558487912620862,
        0.4932056698671021,
        0.2903050485581463,
        0.4142121010246603,
        0.2955585472718876,
        0.4389635620734178
      ],
      [
        0.4269176507265385,
        0.33572290738644606,
        0.39726074189212207,
        0.3452849221768604,
        0.5591076535504406,
        0.4385858846317376,
        0.29074968368394394,
        0.310266198511592,
        0.3847068793217051,
        0.5510965728454598,
        0.2932020461449522,
        0.5252875842079763,
        0.2964276510951396,
        0.6192574139140458,
        0.2879061810642988,
        0.0,
        0.3127281104091943,
        0.3614424132930763,
        0.6423017890307783,
        0.4645679492576845,
        0.3720913286110839,
        0.3543085167296707,
        0.22700562087445592,
        0.3316979562479512,
        0.3778975705459739,
        0.30191836980548675,
        0.3052595579650305,
        0.3065697093897453,
        0.4243918784691078,
        0.3208781601956657,
        0.770029985646751,
        0.5517454451578201,
        0.39699594220906576,
        0.5476273250743925,
        0.21153414515158842,
        0.3861751788998615,
        0.50935053265267,
        0.43021191838642975,
        0.2115008644405495,
        0.39699594220906576,
        0.2928950039734531,
        0.5510524565402258,
        0.480759643659897,
        0.5606970994455989,
        0.46535356043460885,
        0.697928267029553,
        0.32590486569705923,
        0.6439107455285957,
        0.32191527762666283,
        0.5544904804102921,
        0.371310765743543,
        0.492012891925918,
        0.24939938738541842,
        0.29130438754642124,
        0.6309271836386908,
        0.557725461385768,
        0.6946354731823207,
        0.5072024738637864,
        0.26531367777973586,
        0.17471366494900217,
        0.43501504204788727,
        0.4586272320118886,
        0.3608958556615318,
        0.4067373429815266,
        0.3132611426166178,
        0.3494646797611938,
        0.24409690042356913,
        0.39778360298170223,
        0.17906817587931334,
        0.492012891925918,
        0.25709913729512723,
        0.31497057463642014,
        0.2335517924173396,
        0.39032927997156674
      ],
      [
        0.5009287773990012,
        0.2709104424380414,
        0.3000560683727489,
        0.3754234471325802,
        0.4487961239963438,
        0.3317799469092142,
        0.3678941663015958,
        0.28743945851538705,
        0.41793472464408526,
        0.567735289459907,
        0.3178767338716163,
        0.5876807717896491,
        0.306331061734695,
        0.6196273599330684,
        0.3369280486627911,
        0.3127281104091943,
        0.0,
        0.5716290746874902,
        0.5941886548192276,
        0.24538946551254343,
        0.4022483799877176,
        0.32554822586602833,
        0.2586945926112722,
        0.20221635771496563,
        0.24359658787164074,
        0.32896480873454376,
        0.44277981994057,
        0.39766614934165906,
        0.5716779797431003,
        0.31226542196537793,
        0.6736131765335114,
        0.5676982247615432,
        0.39736588822808844,
        0.6055268061449492,
        0.25192650342686634,
        0.42084603190904957,
        0.40474909365313816,
        0.39903272646875404,
        0.3530129095837843,
        0.39736588822808844,
        0.5110408462598467,
        0.4348948676425135,
        0.5440121219319808,
        0.6634537036204377,
        0.4189054415772203,
        0.6881144161005401,
        0.3393822969190689,
        0.5114165059383482,
        0.2610097597539312,
        0.420300593799051,
        0.2974133611999147,
        0.5320639941210432,
        0.33724163555305403,
        0.2312931461264376,
        0.7025658454320943,
        0.6467736373086203,
        0.6752557485206733,
        0.4161874672475308,
        0.3789606747816775,
        0.34788949979146383,
        0.36267751304081053,
        0.5053679840857674,
        0.28514885206997204,
        0.5226392317801644,
        0.46054724389061036,
        0.3807834807859586,
        0.33530996873101754,
        0.2791615467680637,
        0.41524904409658764,
        0.5320639941210432,
        0.2883839841339317,
        0.3120338531604461,
        0.33882272333607144,
        0.2977821349356463
      ],
      [
        0.231494614364726,
        0.41339867931286256,
        0.5214976081904015,
        0.32243333821623854,
        0.356077023531672,
        0.45817596627526236,
        0.428751163931672,
        0.5780819941316625,
        0.3689308408645548,
        0.6257765814028301,
        0.489448466239495,
        0.7844744859329434,
        0.47576632352069637,
        0.6450151438734033,
        0.41209727028486054,
        0.3614424132930763,
        0.5716290746874902,
        0.0,
        0.6736366981011389,
        0.4499945502191102,
        0.4949641129794211,
        0.3831901982498587,
        0.43243766903087394,
        0.47131302691495797,
        0.538611587887777,
        0.42413349311168164,
        0.25785040277419824,
        0.49565737347060895,
        0.2396269719648798,
        0.4169319187188061,
        0.5828722020144362,
        0.7000434786882662,
        0.4227536721684233,
        0.5943690245379081,
        0.485207299420603,
        0.3506417211705084,
        0.2532373474077993,
        0.4408244841229729,
        0.3512038871865805,
        0.4227536721684233,
        0.32163215514545673,
        0.3312536548878393,
        0.24303667686487201,
        0.5586304808686549,
        0.39373974389934535,
        0.5482882198735305,
        0.47661297453643575,
        0.8383368248395037,
        0.5268889797039511,
        0.3616188619509496,
        0.42963456780665116,
        0.2570093108771761,
        0.394686422963,
        0.46040609750276196,
        0.5349932126557233,
        0.5586223290982238,
        0.6683047286344672,
        0.3037381264017818,
        0.44629196117951786,
        0.4287389393990685,
        0.44115715262258315,
        0.31107819181529556,
        0.5182718086520578,
        0.2651857181877217,
        0.35075770781736976,
        0.4231970934669304,
        0.47572416697573777,
        0.46720725972335675,
        0.34380378858090793,
        0.2570093108771761,
        0.4741620651734602,
        0.36169746448925544,
        0.3880183182731564,
        0.47538916848358104
      ],
      [
        0.6690024409414602,
        0.5929473748604571,
        0.5442353162181591,
        0.7254782078438621,
        0.5640242672338527,
        0.651607731167601,
        0.5994076058496088,
        0.5518505070258423,
        0.7669394685982212,
        0.2328726609845056,
        0.5856533101490323,
        0.3542918521250466,
        0.6399676336069794,
        0.25897665116124124,
        0.6121583611403356,
        0.6423017890307783,
        0.5941886548192276,
        0.6736366981011389,
        0.0,
        0.48885795250625425,
        0.6039489450435045,
        0.4847647597749239,
        0.7077958978453045,
        0.5264091747319195,
        0.544994672740776,
        0.5955117146724143,
        0.6737585729840437,
        0.5781158669814866,
        0.6259768939232055,
