{
  "intrinsic_dim": {
    "pca_global": {
      "dims_90": 26,
      "dims_95": 39,
      "dims_99": 73,
      "total_dims": 179,
      "top_10_singular_values": [
        639.7669067382812,
        467.1132507324219,
        429.2685546875,
        361.5518798828125,
        346.6662902832031,
        261.5896911621094,
        242.9558868408203,
        217.63116455078125,
        207.9366912841797,
        199.43344116210938
      ],
      "cumulative_variance": [
        0.2213602215051651,
        0.33936524391174316,
        0.4390237033367157,
        0.5097200870513916,
        0.5747149586677551,
        0.6117231249809265,
        0.6436466574668884,
        0.6692619323730469,
        0.6926458477973938,
        0.714156448841095,
        0.734661877155304,
        0.7543580532073975,
        0.7734283208847046,
        0.7910515666007996,
        0.8067924380302429,
        0.8213521242141724,
        0.8342306613922119,
        0.8449870347976685,
        0.8555527925491333,
        0.8647569417953491,
        0.872807502746582,
        0.8799340724945068,
        0.8866594433784485,
        0.8928356170654297,
        0.8985721468925476,
        0.9037883281707764,
        0.9087124466896057,
        0.9132227897644043,
        0.9175704717636108,
        0.9217249751091003
      ]
    },
    "twonn_global": {
      "intrinsic_dim": 2.6563880443573,
      "n_ratios": 24148
    },
    "per_domain": {
      "EC": {
        "dims_90": 19,
        "dims_95": 24,
        "n_objects": 31073
      },
      "Lzeros": {
        "dims_90": 7,
        "dims_95": 8,
        "n_objects": 50000
      },
      "MF": {
        "dims_90": 16,
        "dims_95": 22,
        "n_objects": 50000
      },
      "NF": {
        "dims_90": 8,
        "dims_95": 11,
        "n_objects": 9116
      },
      "OEIS": {
        "dims_90": 14,
        "dims_95": 19,
        "n_objects": 20000
      },
      "fungrim": {
        "dims_90": 5,
        "dims_95": 6,
        "n_objects": 3133
      },
      "genus2": {
        "dims_90": 9,
        "dims_95": 10,
        "n_objects": 66000
      },
      "group": {
        "dims_90": 7,
        "dims_95": 9,
        "n_objects": 50000
      },
      "knot": {
        "dims_90": 18,
        "dims_95": 25,
        "n_objects": 12965
      },
      "lattice": {
        "dims_90": 8,
        "dims_95": 10,
        "n_objects": 39293
      },
      "maass": {
        "dims_90": 16,
        "dims_95": 20,
        "n_objects": 14995
      },
      "obj_zeros": {
        "dims_90": 4,
        "dims_95": 5,
        "n_objects": 50000
      }
    }
  },
  "ica": {
    "n_independent_components": 11,
    "n_strategy_groups": 14,
    "loadings": {
      "complex": {
        "dominant_ic": 1,
        "weights": [
          -0.9314723610877991,
          0.014410777948796749,
          -0.2523777186870575,
          -0.0008624894544482231,
          -0.0004157812218181789,
          -0.041831642389297485,
          -0.1707453429698944,
          -0.04410483315587044,
          0.0018357118824496865,
          0.0004209730541333556,
          0.13404929637908936
        ]
      },
      "mod_p": {
        "dominant_ic": 11,
        "weights": [
          -0.2057197540998459,
          -0.3587190508842468,
          -0.08149544149637222,
          -0.003039376111701131,
          -0.012889455072581768,
          0.03020554780960083,
          -0.21408095955848694,
          -0.08874953538179398,
          0.05412573367357254,
          -0.061887454241514206,
          -0.7635010480880737
        ]
      },
      "spectral": {
        "dominant_ic": 7,
        "weights": [
          -0.296163409948349,
          -0.3003078103065491,
          0.5452358722686768,
          0.0040580048225820065,
          0.002285549882799387,
          0.05037599056959152,
          -0.578226625919342,
          -0.25454023480415344,
          -0.029056629166007042,
          0.17455124855041504,
          -0.21988950669765472
        ]
      },
      "padic": {
        "dominant_ic": 8,
        "weights": [
          0.059024374932050705,
          0.07884743064641953,
          -0.3944716453552246,
          0.059660714119672775,
          -0.10391426086425781,
          0.49676787853240967,
          -0.08899296820163727,
          -0.7346710562705994,
          -0.03282102197408676,
          0.0022179444786161184,
          -0.1574600338935852
        ]
      },
      "symmetry": {
        "dominant_ic": 5,
        "weights": [
          -0.001393351936712861,
          -0.031098274514079094,
          0.006567070726305246,
          0.01700483076274395,
          -0.9954820871353149,
          0.07652018964290619,
          0.00019800887093879282,
          0.026779981330037117,
          -0.00020102772396057844,
          -0.0016904349904507399,
          0.033472027629613876
        ]
      },
      "galois": {
        "dominant_ic": 4,
        "weights": [
          0.002873086603358388,
          0.0018810246838256717,
          -0.007672842592000961,
          0.9985454678535461,
          0.012659491039812565,
          -0.05084645375609398,
          -0.003513218369334936,
          -0.0046791196800768375,
          -0.00021328135335352272,
          0.00020031171152368188,
          -0.006413443945348263
        ]
      },
      "zeta": {
        "dominant_ic": 9,
        "weights": [
          0.001725305919535458,
          0.02331855520606041,
          -0.005197460297495127,
          -0.006833340507000685,
          -0.0001323063625022769,
          -0.004120715893805027,
          0.0008165045874193311,
          0.008793262764811516,
          -0.9979397058486938,
          -0.03944992274045944,
          0.008982776664197445
        ]
      },
      "disc_cond": {
        "dominant_ic": 6,
        "weights": [
          0.07438866049051285,
          0.19426225125789642,
          -0.313293993473053,
          -0.01897415705025196,
          -0.12197760492563248,
          -0.6248129606246948,
          0.025336984544992447,
          -0.576723039150238,
          -0.023753440007567406,
          0.0058970083482563496,
          -0.3270416557788849
        ]
      },
      "operadic": {
        "dominant_ic": 10,
        "weights": [
          -3.86687792897078e-09,
          -5.9461470414134965e-08,
          7.191379491899852e-09,
          -2.995919246018275e-08,
          -1.0029594044169698e-08,
          -4.257609376168148e-08,
          -1.9854651256423494e-08,
          -5.307978501178923e-09,
          -9.96357218951971e-09,
          -9.151643354243788e-08,
          2.8657636264028952e-08
        ]
      },
      "entropy": {
        "dominant_ic": 11,
        "weights": [
          -0.6248568892478943,
          -0.10722082853317261,
          0.11305346339941025,
          -0.009607178159058094,
          -0.006426268722862005,
          0.14013034105300903,
          -0.05538907274603844,
          0.05376758798956871,
          -0.03190179914236069,
          0.013486657291650772,
          -0.6751173734664917
        ]
      },
      "attractor": {
        "dominant_ic": 10,
        "weights": [
          -0.0007375030545517802,
          0.04377147927880287,
          0.0009149854886345565,
          0.00046798313269391656,
          0.0008584951283410192,
          0.00503915548324585,
          -0.002335153054445982,
          0.003882483346387744,
          -0.007847149856388569,
          -0.9977626800537109,
          0.004695724695920944
        ]
      },
      "automorphic": {
        "dominant_ic": 2,
        "weights": [
          0.03279664367437363,
          -0.9392405152320862,
          -0.26072588562965393,
          0.0006563735078088939,
          0.032277997583150864,
          0.056842703372240067,
          -0.0642608255147934,
          -0.10686229169368744,
          0.022436248138546944,
          -0.054775409400463104,
          -0.09089571237564087
        ]
      },
      "monodromy": {
        "dominant_ic": 7,
        "weights": [
          -0.15975770354270935,
          -0.03272968903183937,
          -0.20995214581489563,
          0.0015199377667158842,
          0.013951828703284264,
          0.13305650651454926,
          -0.9344161748886108,
          0.05077043175697327,
          -0.08070167899131775,
          0.05204220488667488,
          -0.054444320499897
        ]
      },
      "ade": {
        "dominant_ic": 11,
        "weights": [
          -0.08503800630569458,
          -2.6404542950331233e-05,
          -0.483758807182312,
          0.006929917261004448,
          0.0025247568264603615,
          0.26132962107658386,
          -0.1615411639213562,
          0.35047608613967896,
          -0.06073739007115364,
          0.010123678483068943,
          -0.6964651346206665
        ]
      }
    },
    "ic_groups": {
      "1": [
        "complex"
      ],
      "11": [
        "mod_p",
        "entropy",
        "ade"
      ],
      "7": [
        "spectral",
        "monodromy"
      ],
      "8": [
        "padic"
      ],
      "5": [
        "symmetry"
      ],
      "4": [
        "galois"
      ],
      "9": [
        "zeta"
      ],
      "6": [
        "disc_cond"
      ],
      "10": [
        "operadic",
        "attractor"
      ],
      "2": [
        "automorphic"
      ]
    }
  },
  "rotation": {
    "n_rotations": 100,
    "frob_mean": 4.9300302219023555,
    "frob_std": 0.4227130858351239,
    "frob_min": 4.002491058893276,
    "frob_max": 6.316831905235942,
    "original_frob": 5.102655739447493,
    "relative_change": 0.9661694759827499,
    "verdict": "artifact"
  },
  "topology": {
    "method": "ripser",
    "n_points": 5000,
    "betti_significant": {
      "0": 1587,
      "1": 6019
    },
    "persistence": {
      "H0": {
        "total": 4669,
        "finite": 4668,
        "significant": 1587,
        "mean_persistence": 1.5537737339160362,
        "max_persistence": 29.99292755126953
      },
      "H1": {
        "total": 12392,
        "finite": 12392,
        "significant": 6019,
        "mean_persistence": 0.07554723514343391,
        "max_persistence": 1.4759798049926758
      }
    },
    "verdict": "genuine_topology"
  },
  "grassmannian": {
    "domains": [
      "EC",
      "Lzeros",
      "MF",
      "NF",
      "OEIS",
      "fungrim",
      "genus2",
      "group",
      "knot",
      "lattice",
      "maass",
      "obj_zeros"
    ],
    "subspace_dims": {
      "EC": 19,
      "Lzeros": 7,
      "MF": 16,
      "NF": 8,
      "OEIS": 14,
      "fungrim": 5,
      "genus2": 9,
      "group": 7,
      "knot": 18,
      "lattice": 8,
      "maass": 16,
      "obj_zeros": 4
    },
    "min_angle_matrix_deg": [
      [
        0.0,
        2.349437371643585,
        0.7415131906617932,
        64.21445378379259,
        4.513926454054741,
        90.00000250447816,
        1.8107811194962877,
        8.366775973816873,
        27.651325883048575,
        1.7653597211854681,
        1.3935313731242613,
        19.546128225196618
      ],
      [
        2.349437371643585,
        0.0,
        2.9293750736910273,
        75.11150834036019,
        50.85143797456735,
        90.00000250447816,
        1.3164095727715317,
        3.8411438561852,
        68.6367827053224,
        1.0032720797528925,
        2.1858797407877555,
        12.507398011897745
      ],
      [
        0.7415131906617932,
        2.9293750736910273,
        0.0,
        65.14879634149365,
        8.226573534497668,
        90.00000250447816,
        1.4418436490012887,
        9.00344095824221,
        36.04410353326204,
        1.420099848500259,
        1.4833212533966607,
        19.13798514870063
      ],
      [
        64.21445378379259,
        75.11150834036019,
        65.14879634149365,
        0.0,
        90.00000250447816,
        90.00000250447816,
        68.96220706832766,
        79.2277150134792,
        83.4710178466738,
        66.36952190090419,
        79.08986130546083,
        90.00000250447816
      ],
      [
        4.513926454054741,
        50.85143797456735,
        8.226573534497668,
        90.00000250447816,
        0.0,
        90.00000250447816,
        51.704777903806644,
        37.32129426654107,
        35.506403721041956,
        50.305552180627004,
        24.304668085978435,
        45.17146973625767
      ],
      [
        90.00000250447816,
        90.00000250447816,
        90.00000250447816,
        90.00000250447816,
        90.00000250447816,
        0.0,
        90.00000250447816,
        90.00000250447816,
        90.00000250447816,
        90.00000250447816,
        90.00000250447816,
        90.00000250447816
      ],
      [
        1.8107811194962877,
        1.3164095727715317,
        1.4418436490012887,
        68.96220706832766,
        51.704777903806644,
        90.00000250447816,
        0.0,
        7.315365681289083,
        77.42112997801082,
        1.6460377037675207,
        1.5563285051046922,
        87.97970084988009
      ],
      [
        8.366775973816873,
        3.8411438561852,
        9.00344095824221,
        79.2277150134792,
        37.32129426654107,
        90.00000250447816,
        7.315365681289083,
        0.0,
        82.53465355297843,
        2.9889787194831436,
        15.411375880933726,
        22.216098690626083
      ],
      [
        27.651325883048575,
        68.6367827053224,
        36.04410353326204,
        83.4710178466738,
        35.506403721041956,
        90.00000250447816,
        77.42112997801082,
        82.53465355297843,
        0.0,
        76.40955164117526,
        35.74654634207043,
        50.20105711651498
      ],
      [
        1.7653597211854681,
        1.0032720797528925,
        1.420099848500259,
        66.36952190090419,
        50.305552180627004,
        90.00000250447816,
        1.6460377037675207,
        2.9889787194831436,
        76.40955164117526,
        0.0,
        3.346440938563992,
        12.744440580816683
      ],
      [
        1.3935313731242613,
        2.1858797407877555,
        1.4833212533966607,
        79.08986130546083,
        24.304668085978435,
        90.00000250447816,
        1.5563285051046922,
        15.411375880933726,
        35.74654634207043,
        3.346440938563992,
        0.0,
        14.389475420714975
      ],
      [
        19.546128225196618,
        12.507398011897745,
        19.13798514870063,
        90.00000250447816,
        45.17146973625767,
        90.00000250447816,
        87.97970084988009,
        22.216098690626083,
        50.20105711651498,
        12.744440580816683,
        14.389475420714975,
        0.0
      ]
    ],
    "mean_angle_matrix_deg": [
      [
        0.0,
        31.966593296885733,
        34.12755928234563,
        86.72056230657742,
        68.81916241654008,
        90.00000250447816,
        43.45111242396612,
        57.12608004805877,
        78.15797761586097,
        34.65593930144323,
        35.7397434736571,
        55.42935519029547
      ],
      [
        31.966593296885733,
        0.0,
        19.76081131609387,
        87.64420878803824,
        78.02366194583267,
        90.00000250447816,
        35.94999035668843,
        47.277124849818804,
        86.01021580270692,
        23.38045640636379,
        32.98680157773761,
        63.53454943305284
      ],
      [
        34.12755928234563,
        19.76081131609387,
        0.0,
        86.83484503177007,
        63.167385784029634,
        90.00000250447816,
        42.727737334253824,
        47.65027174455494,
        81.61051529789735,
        29.378071129761373,
        32.66298572428189,
        37.657650347312924
      ],
      [
        86.72056230657742,
        87.64420878803824,
        86.83484503177007,
        0.0,
        90.00000250447816,
        90.00000250447816,
        87.32043050062295,
        88.35292287669711,
        89.04034043552386,
        86.75312864854004,
        87.98642858621255,
        90.00000250447816
      ],
      [
        68.81916241654008,
        78.02366194583267,
        63.167385784029634,
        90.00000250447816,
        0.0,
        90.00000250447816,
        83.82557296648918,
        75.45305194980666,
        79.05375009531897,
        83.50281920744939,
        74.84642869867199,
        64.43756874322023
      ],
      [
        90.00000250447816,
        90.00000250447816,
        90.00000250447816,
        90.00000250447816,
        90.00000250447816,
        0.0,
        90.00000250447816,
        90.00000250447816,
        90.00000250447816,
        90.00000250447816,
        90.00000250447816,
        90.00000250447816
      ],
      [
        43.45111242396612,
        35.94999035668843,
        42.727737334253824,
        87.32043050062295,
        83.82557296648918,
        90.00000250447816,
        0.0,
        63.5831189082408,
        87.25194419381523,
        37.67432283907693,
        50.11628080853678,
        89.25682328126742
      ],
      [
        57.12608004805877,
        47.277124849818804,
        47.65027174455494,
        88.35292287669711,
        75.45305194980666,
        90.00000250447816,
        63.5831189082408,
        0.0,
        87.45980051063707,
        37.792710507960756,
        58.23969799599975,
        58.610864135876575
      ],
      [
        78.15797761586097,
        86.01021580270692,
        81.61051529789735,
        89.04034043552386,
        79.05375009531897,
        90.00000250447816,
        87.25194419381523,
        87.45980051063707,
        0.0,
        87.09589486184795,
        82.66371680753498,
        77.21860803893078
      ],
      [
        34.65593930144323,
        23.38045640636379,
        29.378071129761373,
        86.75312864854004,
        83.50281920744939,
        90.00000250447816,
        37.67432283907693,
        37.792710507960756,
        87.09589486184795,
        0.0,
        38.20306827329512,
        57.41833359735986
      ],
      [
        35.7397434736571,
        32.98680157773761,
        32.66298572428189,
        87.98642858621255,
        74.84642869867199,
        90.00000250447816,
        50.11628080853678,
        58.23969799599975,
        82.66371680753498,
        38.20306827329512,
        0.0,
        42.180536728898254
      ],
      [
        55.42935519029547,
        63.53454943305284,
        37.657650347312924,
        90.00000250447816,
        64.43756874322023,
        90.00000250447816,
        89.25682328126742,
        58.610864135876575,
        77.21860803893078,
        57.41833359735986,
        42.180536728898254,
        0.0
      ]
    ],
    "bridges_lt_15deg": [
      [
        "EC",
        "Lzeros",
        2.349437371643585
      ],
      [
        "EC",
        "MF",
        0.7415131906617932
      ],
      [
        "EC",
        "OEIS",
        4.513926454054741
      ],
      [
        "EC",
        "genus2",
        1.8107811194962877
      ],
      [
        "EC",
        "group",
        8.366775973816873
      ],
      [
        "EC",
        "lattice",
        1.7653597211854681
      ],
      [
        "EC",
        "maass",
        1.3935313731242613
      ],
      [
        "Lzeros",
        "MF",
        2.9293750736910273
      ],
      [
        "Lzeros",
        "genus2",
        1.3164095727715317
      ],
      [
        "Lzeros",
        "group",
        3.8411438561852
      ],
      [
        "Lzeros",
        "lattice",
        1.0032720797528925
      ],
      [
        "Lzeros",
        "maass",
        2.1858797407877555
      ],
      [
        "Lzeros",
        "obj_zeros",
        12.507398011897745
      ],
      [
        "MF",
        "OEIS",
        8.226573534497668
      ],
      [
        "MF",
        "genus2",
        1.4418436490012887
      ],
      [
        "MF",
        "group",
        9.00344095824221
      ],
      [
        "MF",
        "lattice",
        1.420099848500259
      ],
      [
        "MF",
        "maass",
        1.4833212533966607
      ],
      [
        "genus2",
        "group",
        7.315365681289083
      ],
      [
        "genus2",
        "lattice",
        1.6460377037675207
      ],
      [
        "genus2",
        "maass",
        1.5563285051046922
      ],
      [
        "group",
        "lattice",
        2.9889787194831436
      ],
      [
        "lattice",
        "maass",
        3.346440938563992
      ],
      [
        "lattice",
        "obj_zeros",
        12.744440580816683
      ],
      [
        "maass",
        "obj_zeros",
        14.389475420714975
      ]
    ],
    "orthogonal_gt_75deg": [
      [
        "EC",
        "fungrim",
        90.00000250447816
      ],
      [
        "Lzeros",
        "NF",
        75.11150834036019
      ],
      [
        "Lzeros",
        "fungrim",
        90.00000250447816
      ],
      [
        "MF",
        "fungrim",
        90.00000250447816
      ],
      [
        "NF",
        "OEIS",
        90.00000250447816
      ],
      [
        "NF",
        "fungrim",
        90.00000250447816
      ],
      [
        "NF",
        "group",
        79.2277150134792
      ],
      [
        "NF",
        "knot",
        83.4710178466738
      ],
      [
        "NF",
        "maass",
        79.08986130546083
      ],
      [
        "NF",
        "obj_zeros",
        90.00000250447816
      ],
      [
        "OEIS",
        "fungrim",
        90.00000250447816
      ],
      [
        "fungrim",
        "genus2",
        90.00000250447816
      ],
      [
        "fungrim",
        "group",
        90.00000250447816
      ],
      [
        "fungrim",
        "knot",
        90.00000250447816
      ],
      [
        "fungrim",
        "lattice",
        90.00000250447816
      ],
      [
        "fungrim",
        "maass",
        90.00000250447816
      ],
      [
        "fungrim",
        "obj_zeros",
        90.00000250447816
      ],
      [
        "genus2",
        "knot",
        77.42112997801082
      ],
      [
        "genus2",
        "obj_zeros",
        87.97970084988009
      ],
      [
        "group",
        "knot",
        82.53465355297843
      ],
      [
        "knot",
        "lattice",
        76.40955164117526
      ]
    ],
    "verdict": "shared_subspaces"
  },
  "curvature": {
    "n_points": 1000,
    "k_neighbors": 50,
    "local_dim_95_mean": 6.909,
    "local_dim_95_median": 6.0,
    "local_dim_95_std": 5.277378042172079,
    "local_dim_90_mean": 5.466,
    "local_dim_90_median": 5.0,
    "global_dim": 179,
    "ratio_local_global": 0.03859776536312849,
    "histogram": {
      "1": 218,
      "2": 65,
      "3": 81,
      "4": 51,
      "5": 47,
      "6": 58,
      "7": 78,
      "8": 87,
      "9": 43,
      "10": 18,
      "11": 18,
      "12": 31,
      "13": 31,
      "14": 34,
      "15": 47,
      "16": 39,
      "17": 31,
      "18": 20,
      "19": 3
    },
    "verdict": "curved"
  },
  "verdict": "mixed"
}