{
  "damage_hub_matrix": [
    [
      1.0,
      0.0,
      1.0,
      1.0,
      1.0,
      0.0,
      1.0,
      1.0,
      0.0,
      1.0,
      1.0,
      1.0,
      1.0,
      1.0,
      1.0,
      0.0,
      1.0,
      1.0,
      0.0,
      0.0
    ],
    [
      1.0,
      1.0,
      1.0,
      1.0,
      1.0,
      0.0,
      1.0,
      1.0,
      1.0,
      0.0,
      1.0,
      0.0,
      0.0,
      1.0,
      1.0,
      1.0,
      0.0,
      1.0,
      0.0,
      0.0
    ],
    [
      1.0,
      1.0,
      1.0,
      0.0,
      1.0,
      1.0,
      1.0,
      0.0,
      1.0,
      0.0,
      1.0,
      1.0,
      1.0,
      1.0,
      1.0,
      1.0,
      1.0,
      1.0,
      0.0,
      1.0
    ],
    [
      0.0,
      1.0,
      1.0,
      0.0,
      1.0,
      1.0,
      1.0,
      0.0,
      1.0,
      1.0,
      0.0,
      0.0,
      0.0,
      0.0,
      1.0,
      1.0,
      0.0,
      0.0,
      0.0,
      1.0
    ],
    [
      1.0,
      1.0,
      0.0,
      1.0,
      0.0,
      1.0,
      1.0,
      1.0,
      1.0,
      1.0,
      0.0,
      1.0,
      0.0,
      0.0,
      0.0,
      1.0,
      1.0,
      1.0,
      0.0,
      1.0
    ],
    [
      0.0,
      0.0,
      0.0,
      1.0,
      1.0,
      1.0,
      1.0,
      1.0,
      1.0,
      1.0,
      1.0,
      1.0,
      1.0,
      0.0,
      1.0,
      1.0,
      1.0,
      1.0,
      0.0,
      1.0
    ],
    [
      0.0,
      1.0,
      1.0,
      1.0,
      0.0,
      1.0,
      1.0,
      1.0,
      0.0,
      1.0,
      1.0,
      1.0,
      0.0,
      1.0,
      0.0,
      0.0,
      1.0,
      0.0,
      0.0,
      1.0
    ]
  ],
  "hub_alignment": [
    [
      1.0,
      0.0,
      0.0,
      0.0,
      0.0,
      0.0,
      0.0,
      0.0,
      0.0,
      0.0,
      0.0,
      0.0,
      0.0,
      0.0,
      0.0,
      0.0,
      0.0,
      0.0,
      0.0,
      0.0
    ],
    [
      0.0,
      1.0,
      0.11538461595773697,
      0.0357142873108387,
      0.17391304671764374,
      0.0,
      0.0,
      0.0416666679084301,
      0.190476194024086,
      0.0,
      0.10526315867900848,
      0.1304347813129425,
      0.03846153989434242,
      0.0,
      0.13636364042758942,
      0.21052631735801697,
      0.0416666679084301,
      0.0476190485060215,
      0.0,
      0.10526315867900848
    ],
    [
      0.0,
      0.11538461595773697,
      1.0,
      0.06666667014360428,
      0.25,
      0.0,
      0.0,
      0.07692307978868484,
      0.07692307978868484,
      0.03703703731298447,
      0.2631579041481018,
      0.1599999964237213,
      0.0714285746216774,
      0.0,
      0.21739129722118378,
      0.1304347813129425,
      0.07692307978868484,
      0.08695652335882187,
      0.0,
      0.09090909361839294
    ],
    [
      0.0,
      0.0357142873108387,
      0.06666667014360428,
      1.0,
      0.1111111119389534,
      0.0,
      0.0,
      0.3333333432674408,
      0.11999999731779099,
      0.07692307978868484,
      0.1428571492433548,
      0.07407407462596893,
      0.1111111119389534,
      0.0,
      0.07692307978868484,
      0.0833333358168602,
      0.11999999731779099,
      0.13636364042758942,
      0.0,
      0.043478261679410934
    ],
    [
      0.0,
      0.17391304671764374,
      0.25,
      0.1111111119389534,
      1.0,
      0.0,
      0.0,
      0.1304347813129425,
      0.1818181872367859,
      0.03999999910593033,
      0.29411765933036804,
      0.07999999821186066,
      0.11999999731779099,
      0.0,
      0.2380952388048172,
      0.20000000298023224,
      0.1304347813129425,
      0.095238097012043,
      0.0,
      0.15789473056793213
    ],
    [
      0.0,
      0.0,
      0.0,
      0.0,
      0.0,
      1.0,
      0.0,
      0.0,
      0.0,
      0.0,
      0.0,
      0.0,
      0.0,
      0.0,
      0.0,
      0.0,
      0.0,
      0.0,
      0.0,
      0.0
    ],
    [
      0.0,
      0.0,
      0.0,
      0.0,
      0.0,
      0.0,
      1.0,
      0.0,
      0.0,
      0.0,
      0.0,
      0.0,
      0.0,
      0.0,
      0.0,
      0.0,
      0.0,
      0.0,
      0.0,
      0.0
    ],
    [
      0.0,
      0.0416666679084301,
      0.07692307978868484,
      0.3333333432674408,
      0.1304347813129425,
      0.0,
      0.0,
      1.0,
      0.1428571492433548,
      0.3333333432674408,
      0.1764705926179886,
      0.0416666679084301,
      0.1818181872367859,
      0.0,
      0.09090909361839294,
      0.10000000149011612,
      0.4117647111415863,
      0.10526315867900848,
      0.0,
      0.05263157933950424
    ],
    [
      0.0,
      0.190476194024086,
      0.07692307978868484,
      0.11999999731779099,
      0.1818181872367859,
      0.0,
      0.0,
      0.1428571492433548,
      1.0,
      0.043478261679410934,
      0.3333333432674408,
      0.0416666679084301,
      0.03999999910593033,
      0.0,
      0.043478261679410934,
      0.2222222238779068,
      0.09090909361839294,
      0.10526315867900848,
      0.0,
      0.1111111119389534
    ],
    [
      0.0,
      0.0,
      0.03703703731298447,
      0.07692307978868484,
      0.03999999910593033,
      0.0,
      0.0,
      0.3333333432674408,
      0.043478261679410934,
      1.0,
      0.1111111119389534,
      0.0,
      0.1304347813129425,
      0.0,
      0.043478261679410934,
      0.0,
      0.2631579041481018,
      0.0,
      0.0,
      0.0
    ],
    [
      0.0,
      0.10526315867900848,
      0.2631579041481018,
      0.1428571492433548,
      0.29411765933036804,
      0.0,
      0.0,
      0.1764705926179886,
      0.3333333432674408,
      0.1111111119389534,
      1.0,
      0.10526315867900848,
      0.10000000149011612,
      0.0,
      0.1111111119389534,
      0.125,
      0.1111111119389534,
      0.0625,
      0.0,
      0.06666667014360428
    ],
    [
      0.0,
      0.1304347813129425,
      0.1599999964237213,
      0.07407407462596893,
      0.07999999821186066,
      0.0,
      0.0,
      0.0416666679084301,
      0.0416666679084301,
      0.0,
      0.10526315867900848,
      1.0,
      0.07999999821186066,
      0.0,
      0.13636364042758942,
      0.095238097012043,
      0.08695652335882187,
      0.375,
      0.0,
      0.1666666716337204
    ],
    [
      0.0,
      0.03846153989434242,
      0.0714285746216774,
      0.1111111119389534,
      0.11999999731779099,
      0.0,
      0.0,
      0.1818181872367859,
      0.03999999910593033,
      0.1304347813129425,
      0.10000000149011612,
      0.07999999821186066,
      1.0,
      0.0,
      0.1818181872367859,
      0.043478261679410934,
      0.3684210479259491,
      0.095238097012043,
      0.0,
      0.10000000149011612
    ],
    [
      0.0,
      0.0,
      0.0,
      0.0,
      0.0,
      0.0,
      0.0,
      0.0,
      0.0,
      0.0,
      0.0,
      0.0,
      0.0,
      1.0,
      0.0,
      0.0,
      0.0,
      0.0,
      0.0,
      0.0
    ],
    [
      0.0,
      0.13636364042758942,
      0.21739129722118378,
      0.07692307978868484,
      0.2380952388048172,
      0.0,
      0.0,
      0.09090909361839294,
      0.043478261679410934,
      0.043478261679410934,
      0.1111111119389534,
      0.13636364042758942,
      0.1818181872367859,
      0.0,
      1.0,
      0.10000000149011612,
      0.1428571492433548,
      0.23529411852359772,
      0.0,
      0.1111111119389534
    ],
    [
      0.0,
      0.21052631735801697,
      0.1304347813129425,
      0.0833333358168602,
      0.20000000298023224,
      0.0,
      0.0,
      0.10000000149011612,
      0.2222222238779068,
      0.0,
      0.125,
      0.095238097012043,
      0.043478261679410934,
      0.0,
      0.10000000149011612,
      1.0,
      0.0476190485060215,
      0.0555555559694767,
      0.0,
      0.20000000298023224
    ],
    [
      0.0,
      0.0416666679084301,
      0.07692307978868484,
      0.11999999731779099,
      0.1304347813129425,
      0.0,
      0.0,
      0.4117647111415863,
      0.09090909361839294,
      0.2631579041481018,
      0.1111111119389534,
      0.08695652335882187,
      0.3684210479259491,
      0.0,
      0.1428571492433548,
      0.0476190485060215,
      1.0,
      0.1666666716337204,
      0.0,
      0.25
    ],
    [
      0.0,
      0.0476190485060215,
      0.08695652335882187,
      0.13636364042758942,
      0.095238097012043,
      0.0,
      0.0,
      0.10526315867900848,
      0.10526315867900848,
      0.0,
      0.0625,
      0.375,
      0.095238097012043,
      0.0,
      0.23529411852359772,
      0.0555555559694767,
      0.1666666716337204,
      1.0,
      0.0,
      0.13333334028720856
    ],
    [
      0.0,
      0.0,
      0.0,
      0.0,
      0.0,
      0.0,
      0.0,
      0.0,
      0.0,
      0.0,
      0.0,
      0.0,
      0.0,
      0.0,
      0.0,
      0.0,
      0.0,
      0.0,
      1.0,
      0.0
    ],
    [
      0.0,
      0.10526315867900848,
      0.09090909361839294,
      0.043478261679410934,
      0.15789473056793213,
      0.0,
      0.0,
      0.05263157933950424,
      0.1111111119389534,
      0.0,
      0.06666667014360428,
      0.1666666716337204,
      0.10000000149011612,
      0.0,
      0.1111111119389534,
      0.20000000298023224,
      0.25,
      0.13333334028720856,
      0.0,
      1.0
    ]
  ],
  "hubs": [
    "IMPOSSIBILITY_ARROW",
    "IMPOSSIBILITY_BELLS_THEOREM",
    "IMPOSSIBILITY_BODE_INTEGRAL_V2",
    "IMPOSSIBILITY_BODE_SENSITIVITY_WATERBED",
    "IMPOSSIBILITY_BORSUK_ULAM",
    "IMPOSSIBILITY_CALENDAR",
    "IMPOSSIBILITY_CAP",
    "IMPOSSIBILITY_CRYSTALLOGRAPHIC_RESTRICTION",
    "IMPOSSIBILITY_CRYSTALLOGRAPHIC_RESTRICTION_V2",
    "IMPOSSIBILITY_FITTS_HICK_SPEED_ACCURACY",
    "IMPOSSIBILITY_GIBBS_PHENOMENON",
    "IMPOSSIBILITY_GOODHARTS_LAW",
    "IMPOSSIBILITY_IMPOSSIBLE_TRINITY_MACROECONOMICS",
    "IMPOSSIBILITY_MAP_PROJECTION",
    "IMPOSSIBILITY_MUNDELL_FLEMING",
    "IMPOSSIBILITY_MYERSON_SATTERTHWAITE",
    "IMPOSSIBILITY_NO_CLONING_THEOREM",
    "IMPOSSIBILITY_NO_FREE_LUNCH",
    "IMPOSSIBILITY_PYTHAGOREAN_COMMA",
    "IMPOSSIBILITY_QUINTIC_INSOLVABILITY"
  ],
  "damage_ops": [
    "DISTRIBUTE",
    "CONCENTRATE",
    "TRUNCATE",
    "EXTEND",
    "RANDOMIZE",
    "HIERARCHIZE",
    "PARTITION"
  ],
  "filled_cells": 93,
  "empty_cells": 47,
  "top_candidates": [
    {
      "damage_op": "HIERARCHIZE",
      "hub": "IMPOSSIBILITY_BODE_INTEGRAL_V2",
      "score": 1.6048,
      "reason": "HIERARCHIZE appears in 15 hubs, alignment suggests it should appear here too"
    },
    {
      "damage_op": "TRUNCATE",
      "hub": "IMPOSSIBILITY_CRYSTALLOGRAPHIC_RESTRICTION",
      "score": 1.5524,
      "reason": "TRUNCATE appears in 16 hubs, alignment suggests it should appear here too"
    },
    {
      "damage_op": "EXTEND",
      "hub": "IMPOSSIBILITY_GIBBS_PHENOMENON",
      "score": 1.4098,
      "reason": "EXTEND appears in 10 hubs, alignment suggests it should appear here too"
    },
    {
      "damage_op": "PARTITION",
      "hub": "IMPOSSIBILITY_BORSUK_ULAM",
      "score": 1.3679,
      "reason": "PARTITION appears in 12 hubs, alignment suggests it should appear here too"
    },
    {
      "damage_op": "CONCENTRATE",
      "hub": "IMPOSSIBILITY_NO_CLONING_THEOREM",
      "score": 1.34,
      "reason": "CONCENTRATE appears in 13 hubs, alignment suggests it should appear here too"
    },
    {
      "damage_op": "RANDOMIZE",
      "hub": "IMPOSSIBILITY_GIBBS_PHENOMENON",
      "score": 1.3396,
      "reason": "RANDOMIZE appears in 13 hubs, alignment suggests it should appear here too"
    },
    {
      "damage_op": "RANDOMIZE",
      "hub": "IMPOSSIBILITY_BORSUK_ULAM",
      "score": 1.3008,
      "reason": "RANDOMIZE appears in 13 hubs, alignment suggests it should appear here too"
    },
    {
      "damage_op": "HIERARCHIZE",
      "hub": "IMPOSSIBILITY_BELLS_THEOREM",
      "score": 1.2574,
      "reason": "HIERARCHIZE appears in 15 hubs, alignment suggests it should appear here too"
    },
    {
      "damage_op": "CONCENTRATE",
      "hub": "IMPOSSIBILITY_GOODHARTS_LAW",
      "score": 1.2397,
      "reason": "CONCENTRATE appears in 13 hubs, alignment suggests it should appear here too"
    },
    {
      "damage_op": "DISTRIBUTE",
      "hub": "IMPOSSIBILITY_CRYSTALLOGRAPHIC_RESTRICTION_V2",
      "score": 1.2197,
      "reason": "DISTRIBUTE appears in 14 hubs, alignment suggests it should appear here too"
    },
    {
      "damage_op": "RANDOMIZE",
      "hub": "IMPOSSIBILITY_IMPOSSIBLE_TRINITY_MACROECONOMICS",
      "score": 1.189,
      "reason": "RANDOMIZE appears in 13 hubs, alignment suggests it should appear here too"
    },
    {
      "damage_op": "PARTITION",
      "hub": "IMPOSSIBILITY_IMPOSSIBLE_TRINITY_MACROECONOMICS",
      "score": 1.1817,
      "reason": "PARTITION appears in 12 hubs, alignment suggests it should appear here too"
    },
    {
      "damage_op": "DISTRIBUTE",
      "hub": "IMPOSSIBILITY_QUINTIC_INSOLVABILITY",
      "score": 1.1727,
      "reason": "DISTRIBUTE appears in 14 hubs, alignment suggests it should appear here too"
    },
    {
      "damage_op": "PARTITION",
      "hub": "IMPOSSIBILITY_CRYSTALLOGRAPHIC_RESTRICTION_V2",
      "score": 1.1508,
      "reason": "PARTITION appears in 12 hubs, alignment suggests it should appear here too"
    },
    {
      "damage_op": "TRUNCATE",
      "hub": "IMPOSSIBILITY_BODE_SENSITIVITY_WATERBED",
      "score": 1.1216,
      "reason": "TRUNCATE appears in 16 hubs, alignment suggests it should appear here too"
    },
    {
      "damage_op": "RANDOMIZE",
      "hub": "IMPOSSIBILITY_MUNDELL_FLEMING",
      "score": 1.1168,
      "reason": "RANDOMIZE appears in 13 hubs, alignment suggests it should appear here too"
    },
    {
      "damage_op": "PARTITION",
      "hub": "IMPOSSIBILITY_NO_FREE_LUNCH",
      "score": 1.1137,
      "reason": "PARTITION appears in 12 hubs, alignment suggests it should appear here too"
    },
    {
      "damage_op": "CONCENTRATE",
      "hub": "IMPOSSIBILITY_QUINTIC_INSOLVABILITY",
      "score": 1.0724,
      "reason": "CONCENTRATE appears in 13 hubs, alignment suggests it should appear here too"
    },
    {
      "damage_op": "PARTITION",
      "hub": "IMPOSSIBILITY_MUNDELL_FLEMING",
      "score": 1.0665,
      "reason": "PARTITION appears in 12 hubs, alignment suggests it should appear here too"
    },
    {
      "damage_op": "EXTEND",
      "hub": "IMPOSSIBILITY_NO_CLONING_THEOREM",
      "score": 1.0436,
      "reason": "EXTEND appears in 10 hubs, alignment suggests it should appear here too"
    },
    {
      "damage_op": "PARTITION",
      "hub": "IMPOSSIBILITY_MYERSON_SATTERTHWAITE",
      "score": 0.9922,
      "reason": "PARTITION appears in 12 hubs, alignment suggests it should appear here too"
    },
    {
      "damage_op": "CONCENTRATE",
      "hub": "IMPOSSIBILITY_IMPOSSIBLE_TRINITY_MACROECONOMICS",
      "score": 0.9834,
      "reason": "CONCENTRATE appears in 13 hubs, alignment suggests it should appear here too"
    },
    {
      "damage_op": "DISTRIBUTE",
      "hub": "IMPOSSIBILITY_MYERSON_SATTERTHWAITE",
      "score": 0.9807,
      "reason": "DISTRIBUTE appears in 14 hubs, alignment suggests it should appear here too"
    },
    {
      "damage_op": "EXTEND",
      "hub": "IMPOSSIBILITY_CRYSTALLOGRAPHIC_RESTRICTION",
      "score": 0.9688,
      "reason": "EXTEND appears in 10 hubs, alignment suggests it should appear here too"
    },
    {
      "damage_op": "RANDOMIZE",
      "hub": "IMPOSSIBILITY_BODE_INTEGRAL_V2",
      "score": 0.9182,
      "reason": "RANDOMIZE appears in 13 hubs, alignment suggests it should appear here too"
    },
    {
      "damage_op": "DISTRIBUTE",
      "hub": "IMPOSSIBILITY_BELLS_THEOREM",
      "score": 0.8665,
      "reason": "DISTRIBUTE appears in 14 hubs, alignment suggests it should appear here too"
    },
    {
      "damage_op": "EXTEND",
      "hub": "IMPOSSIBILITY_GOODHARTS_LAW",
      "score": 0.8104,
      "reason": "EXTEND appears in 10 hubs, alignment suggests it should appear here too"
    },
    {
      "damage_op": "EXTEND",
      "hub": "IMPOSSIBILITY_NO_FREE_LUNCH",
      "score": 0.7593,
      "reason": "EXTEND appears in 10 hubs, alignment suggests it should appear here too"
    },
    {
      "damage_op": "EXTEND",
      "hub": "IMPOSSIBILITY_IMPOSSIBLE_TRINITY_MACROECONOMICS",
      "score": 0.7256,
      "reason": "EXTEND appears in 10 hubs, alignment suggests it should appear here too"
    },
    {
      "damage_op": "CONCENTRATE",
      "hub": "IMPOSSIBILITY_FITTS_HICK_SPEED_ACCURACY",
      "score": 0.6854,
      "reason": "CONCENTRATE appears in 13 hubs, alignment suggests it should appear here too"
    }
  ]
}