SCOUT / NON-ADJUDICATIVE: C-POS-N-SCALING curve, I0 settings, 50 seeds, same world/data as ruler.py
logL_exact -146.7227

    N          V  V/V(1000)         B     RMSE  R med  logLt min #<exact-20
   10       4974       5463  -174.132   0.3787   98.0    -538.88         50
   20      752.4      826.4   -63.534   0.2247   99.0    -270.55         47
   50       96.6      106.1   -17.953   0.1137   99.0    -182.15         21
  100      41.49      45.56    -8.921   0.0740   99.0    -169.99          3
  200      9.121      10.02    -2.959   0.0426   99.0    -158.73          0
  500      1.779      1.954    -0.690   0.0215   99.0    -150.18          0
 1000     0.9105          1    -0.404   0.0146   99.0    -149.03          0
