1 47
2 281
3 1823
4 326
5 986
6 3014
7 1432
8 3039
9 318
10 3377
11 3086
12 3954
13 2741
14 390
15 2353
16 3337
17 3962
18 1551
19 325
20 2687
21 40
22 3988
23 3031
24 2576
25 2119
26 3103
27 2535
28 197
29 748
30 3343
31 1718
32 2991
33 1834
34 3541
35 897
36 2626
37 3422
38 3080
39 2949
40 819
41 2275
42 1550
43 3734
44 789
45 1494
46 2372
47 348
48 1680
49 1490
50 3626
51 969
52 1561
53 3263
54 3850
55 1985
56 3016
57 478
58 1459
59 551
60 2878
61 1205
62 3625
63 2943
64 1317
65 3380
66 2142
67 2453
68 3554
69 31
70 1695
71 295
72 3364
73 3439
74 3756
75 1350
76 2641
77 2061
78 1158
79 307
80 2758
81 1128
82 1374
83 2055
84 3699
85 1837
86 706
87 491
88 2087
89 2557
90 1748
91 3793
92 1222
93 584
94 183
95 1569
96 3845
97 1500
98 2272
99 3223
100 522
101 1553
102 567
103 1064
104 2734
105 995
106 548
107 589
108 2384
109 3469
110 630
111 1468
112 1450
113 3677
114 2319
115 1987
116 3179
117 2066
118 1913
119 3751
120 1338
121 2626
122 2163
123 2493
124 3513
125 2782
126 2059
127 2178
128 2547
129 3738
130 3898
131 492
132 3082
133 483
134 123
135 3090
136 310
137 2226
138 3747
139 2727
140 596
141 706
142 2546
143 2632
144 861
145 1350
146 3421
147 1859
148 2763
149 594
150 3931
151 2830
152 1763
153 2211
154 1091
155 488
156 1974
157 1490
158 1453
159 3245
160 1937
161 3238
162 3706
163 1070
164 891
165 2444
166 1728
167 1965
168 3367
169 407
170 1380
171 1252
172 3545
173 1156
174 1131
175 3038
176 2628
177 2492
178 1740
179 1077
180 2237
181 3754
182 2566
183 2840
184 2521
185 1579
186 2859
187 3433
188 2298
189 2900
190 747
191 2584
192 2151
193 3255
194 3383
195 1484
196 3812
197 2955
198 1511
199 1067
200 2945
201 3042
202 583
203 1963
204 3386
205 639
206 3301
207 3587
208 2558
209 2266
210 950
211 1924
212 3291
213 508
214 3986
215 1185
216 162
217 741
218 7
219 513
220 982
221 3048
222 1856
223 2564
224 2668
225 843
226 414
227 2441
228 3713
229 1873
230 772
231 395
232 3742
233 1118
234 615
235 2677
236 1852
237 2313
238 242
239 1859
240 1505
241 17
242 573
243 1372
244 1687
245 61
246 1192
247 2637
248 1338
249 2014
250 44
251 2157
252 641
253 1123
254 1770
255 2119
256 24
257 3753
258 1017
259 3375
260 390
261 1042
262 2230
263 418
264 1361
265 831
266 3735
267 3895
268 525
269 3475
270 3720
271 234
272 239
273 1477
274 1749
275 2477
276 44
277 436
278 3436
279 1198
280 3840
281 1239
282 3768
283 3659
284 1473
285 1907
286 140
287 1363
288 2688
289 2258
290 2141
291 1999
292 3036
293 384
294 99
295 928
296 3200
297 509
298 1906
299 369
300 3674
301 984
302 703
303 2370
304 935
305 3591
306 271
307 3318
308 3483
309 1161
310 2483
311 449
312 359
313 2163
314 2088
315 3464
316 2795
317 3218
318 1492
319 3356
320 2228
321 3817
322 3385
323 1705
324 1979
325 3990
326 2342
327 3646
328 3282
329 265
330 1745
331 3883
332 2185
333 322
334 1346
335 2697
336 2705
337 2421
338 3414
339 3304
340 1356
341 190
342 1431
343 2318
344 1131
345 2642
346 2669
347 3216
348 117
349 1651
350 2050
351 1833
352 3287
353 2379
354 2775
355 1797
356 3706
357 3324
358 3426
359 465
360 721
361 1446
362 3320
363 2834
364 2631
365 2805
366 806
367 1168
368 2756
369 3032
370 451
371 853
372 3060
373 684
374 2595
375 3584
376 1350
377 2252
378 2172
379 2435
380 2744
381 311
382 1500
383 467
384 1177
385 1963
386 2915
387 3931
388 2101
389 2475
390 634
391 2377
392 2454
393 2630
394 2773
395 507
396 2851
397 1859
398 2730
399 264
400 1324
401 3695
402 1144
403 1862
404 2598
405 2882
406 2269
407 2178
408 2138
409 3649
410 3595
411 3332
412 1836
413 401
414 1463
415 2208
416 3360
417 3236
418 1810
419 2157
420 3565
421 2356
422 708
423 1615
424 1282
425 2911
426 2188
427 759
428 1652
429 581
430 3126
431 3055
432 913
433 989
434 2720
435 2430
436 3189
437 865
438 1696
439 2796
440 346
441 758
442 314
443 3226
444 1660
445 867
446 1817
447 3964
448 1483
449 3604
450 896
451 1293
452 2116
453 2009
454 3661
455 2423
456 3363
457 2752
458 908
459 3301
460 1939
461 2082
462 106
463 1349
464 3262
465 290
466 2415
467 2056
468 1853
469 3361
470 2699
471 420
472 3535
473 2524
474 3018
475 1182
476 455
477 3734
478 3779
479 3387
480 2523
481 2115
482 175
483 1346
484 1783
485 1567
486 2233
487 1426
488 3376
489 3814
490 3253
491 448
492 183
493 424
494 397
495 3068
496 2338
497 2963
498 537
499 3162
500 338
501 994
502 2842
503 3545
504 3775
505 3315
506 1887
507 1268
508 1060
509 3977
510 1506
511 3561
512 3984
513 1068
514 3035
515 3921
516 3482
517 491
518 3806
519 3743
520 1515
521 563
522 1822
523 2396
524 1702
525 2713
526 3391
527 943
528 2235
529 2547
530 2541
531 3931
532 1953
533 995
534 945
535 558
536 1739
537 1671
538 196
539 2878
540 658
541 2156
542 3741
543 136
544 2819
545 1328
546 2093
547 1044
548 2496
549 3036
550 1950
551 3756
552 611
553 3253
554 3695
555 645
556 873
557 3187
558 1534
559 426
560 53
561 3587
562 2749
563 175
564 35
565 676
566 2024
567 2043
568 1932
569 423
570 3668
571 3791
572 892
573 1327
574 2540
575 1534
576 2010
577 3890
578 691
579 1239
580 1880
581 783
582 358
583 3141
584 3887
585 916
586 3552
587 280
588 226
589 381
590 3065
591 2644
592 2085
593 1335
594 1573
595 3699
596 3957
597 1901
598 3930
599 3380
600 3283